100 0.003
100 0.003
100 0.003
200 0.005
200 0.005
200 0.002
300 0.007
300 0.009
300 0.007
0 0.002
0 0.003
0 0.002
0 0.004
1 0.003
1 0.002
1 0.003
2 0.002
2 0.002
2 0.001
3 0.017
3 0.003
3 0.006
4 0.002
4 0.003
4 0.002
5 0.002
5 0.003
5 0.002
6 0.002
6 0.003
6 0.002
7 0.003
7 0.003
7 0.001
8 0.001
8 0.002
8 0.002
9 0.003
9 0.002
9 0.002
10 0.002
10 0.002
10 0.002
11 0.003
11 0.002
11 0.002
12 0.003
12 0.002
12 0.002
13 0.002
13 0.002
13 0.002
1 0.003
1 0.002
1 0.003
2 0.003
2 0.003
2 0.003
3 0.002
3 0.002
3 0.001
4 0.002
4 0.001
4 0.003
5 0.003
5 0.002
5 0.003
6 0.002
6 0.003
6 0.004
7 0.002
7 0.003
7 0.002
8 0.003
8 0.002
8 0.002
9 0.002
9 0.002
9 0.002
10 0.005
10 0.002
10 0.002
11 0.003
11 0.002
11 0.003
12 0.002
12 0.002
12 0.002
13 0.002
13 0.002
13 0.001
14 0.002
14 0.002
14 0.002
15 0.002
15 0.001
15 0.003
16 0.002
16 0.003
16 0.003
17 0.003
17 0.003
17 0.004
18 0.003
18 0.002
18 0.002
19 0.003
19 0.002
19 0.004
20 0.003
20 0.003
20 0.004
21 0.002
21 0.003
21 0.002
22 0.002
22 0.002
22 0.003
23 0.003
23 0.005
23 0.003
24 0.002
24 0.002
24 0.001
25 0.003
25 0.003
25 0.002
26 0.002
26 0.002
26 0.002
27 0.002
27 0.001
27 0.002
28 0.002
28 0.003
28 0.005
29 0.002
29 0.002
29 0.002
30 0.002
30 0.002
30 0.002
31 0.004
31 0.003
31 0.003
32 0.003
32 0.001
32 0.004
33 0.002
33 0.004
33 0.002
34 0.002
34 0.002
34 0.002
35 0.003
35 0.003
35 0.002
36 0.002
36 0.002
36 0.001
37 0.002
37 0.002
37 0.002
38 0.002
38 0.002
38 0.003
1 0.003
1 0.003
1 0.003
2 0.003
2 0.002
2 0.002
3 0.003
3 0.003
3 0.002
4 0.002
4 0.003
4 0.002
5 0.002
5 0.002
5 0.002
6 0.002
6 0.002
6 0.002
7 0.002
7 0.004
7 0.002
8 0.003
8 0.002
8 0.002
9 0.002
9 0.003
9 0.002
10 0.002
10 0.002
10 0.002
11 0.003
11 0.004
11 0.004
12 0.002
12 0.001
12 0.002
13 0.002
13 0.002
13 0.005
14 0.002
14 0.001
14 0.002
15 0.002
15 0.002
15 0.002
16 0.002
16 0.002
16 0.002
17 0.002
17 0.003
17 0.001
18 0.003
18 0.002
18 0.002
19 0.003
19 0.002
19 0.002
20 0.002
20 0.002
20 0.002
21 0.003
21 0.002
21 0.004
22 0.002
22 0.002
22 0.002
23 0.003
23 0.003
23 0.002
24 0.003
24 0.005
24 0.003
25 0.003
25 0.002
25 0.002
26 0.002
26 0.001
26 0.002
27 0.003
27 0.004
27 0.003
28 0.003
28 0.002
28 0.002
29 0.003
29 0.004
29 0.002
30 0.002
30 0.001
30 0.004
31 0.002
31 0.003
31 0.002
32 0.003
32 0.002
32 0.003
33 0.002
33 0.002
33 0.002
34 0.002
34 0.005
34 0.002
35 0.002
35 0.002
35 0.001
36 0.002
36 0.002
36 0.004
37 0.003
37 0.002
37 0.001
38 0.002
38 0.001
38 0.002
39 0.002
39 0.002
39 0.002
40 0.002
40 0.002
40 0.002
41 0.002
41 0.002
41 0.002
42 0.002
42 0.004
42 0.003
43 0.002
43 0.003
43 0.005
44 0.002
44 0.005
44 0.002
45 0.002
45 0.002
45 0.002
46 0.002
46 0.002
46 0.001
47 0.002
47 0.001
47 0.003
48 0.002
48 0.002
48 0.003
49 0.002
49 0.004
49 0.003
50 0.002
50 0.002
50 0.002
51 0.002
51 0.002
51 0.002
52 0.002
52 0.004
52 0.005
53 0.001
53 0.002
53 0.002
54 0.002
54 0.002
54 0.002
55 0.003
55 0.003
55 0.002
56 0.002
56 0.002
56 0.002
57 0.002
57 0.002
57 0.002
58 0.003
58 0.004
58 0.003
59 0.002
59 0.001
59 0.002
60 0.003
60 0.004
60 0.001
61 0.003
61 0.004
61 0.003
62 0.002
62 0.002
62 0.002
63 0.002
63 0.003
63 0.003
64 0.002
64 0.002
64 0.002
65 0.002
65 0.003
65 0.004
66 0.003
66 0.002
66 0.003
67 0.002
67 0.003
67 0.002
68 0.004
68 0.003
68 0.003
69 0.002
69 0.004
69 0.002
70 0.003
70 0.005
70 0.002
71 0.002
71 0.002
71 0.002
72 0.002
72 0.002
72 0.002
73 0.002
73 0.003
73 0.002
74 0.003
74 0.003
74 0.002
75 0.002
75 0.002
75 0.002
76 0.004
76 0.003
76 0.003
77 0.003
77 0.003
77 0.002
78 0.003
78 0.002
78 0.002
79 0.003
79 0.005
79 0.002
80 0.003
80 0.003
80 0.003
81 0.003
81 0.004
81 0.002
82 0.002
82 0.002
82 0.002
83 0.002
83 0.003
83 0.002
84 0.002
84 0.003
84 0.002
85 0.002
85 0.002
85 0.004
86 0.003
86 0.003
86 0.003
87 0.003
87 0.003
87 0.003
88 0.002
88 0.003
88 0.003
89 0.002
89 0.004
89 0.002
90 0.002
90 0.004
90 0.001
91 0.004
91 0.003
91 0.003
92 0.003
92 0.002
92 0.002
93 0.003
93 0.002
93 0.003
94 0.002
94 0.006
94 0.002
95 0.002
95 0.002
95 0.002
96 0.002
96 0.003
96 0.002
97 0.003
97 0.002
97 0.002
98 0.002
98 0.003
98 0.003
99 0.004
99 0.004
99 0.002
100 0.002
100 0.002
100 0.003
101 0.005
101 0.005
101 0.002
102 0.002
102 0.003
102 0.002
103 0.002
103 0.002
103 0.002
104 0.003
104 0.005
104 0.002
105 0.004
105 0.003
105 0.002
106 0.004
106 0.005
106 0.003
107 0.003
107 0.003
107 0.002
108 0.003
108 0.003
108 0.001
109 0.003
109 0.003
109 0.003
110 0.002
110 0.003
110 0.002
111 0.003
111 0.003
111 0.002
112 0.003
112 0.004
112 0.002
113 0.003
113 0.003
113 0.003
114 0.003
114 0.003
114 0.002
115 0.003
115 0.005
115 0.003
116 0.004
116 0.003
116 0.002
117 0.002
117 0.004
117 0.002
118 0.002
118 0.003
118 0.002
119 0.003
119 0.004
119 0.003
120 0.005
120 0.004
120 0.002
121 0.002
121 0.003
121 0.002
122 0.003
122 0.004
122 0.002
123 0.003
123 0.003
123 0.002
124 0.003
124 0.003
124 0.003
125 0.004
125 0.003
125 0.002
126 0.003
126 0.002
126 0.002
127 0.002
127 0.003
127 0.003
128 0.004
128 0.003
128 0.002
129 0.002
129 0.003
129 0.003
130 0.003
130 0.003
130 0.002
131 0.004
131 0.004
131 0.002
132 0.002
132 0.003
132 0.003
133 0.004
133 0.004
133 0.002
134 0.002
134 0.003
134 0.002
135 0.003
135 0.003
135 0.003
136 0.003
136 0.005
136 0.004
137 0.003
137 0.004
137 0.002
138 0.003
138 0.002
138 0.003
139 0.003
139 0.003
139 0.002
140 0.003
140 0.003
140 0.002
141 0.004
141 0.003
141 0.002
142 0.003
142 0.003
142 0.002
143 0.004
143 0.003
143 0.002
144 0.003
144 0.003
144 0.003
145 0.003
145 0.004
145 0.003
146 0.004
146 0.004
146 0.002
147 0.004
147 0.003
147 0.003
148 0.004
148 0.003
148 0.003
149 0.002
149 0.003
149 0.003
150 0.002
150 0.004
150 0.003
151 0.003
151 0.004
151 0.002
152 0.003
152 0.004
152 0.002
153 0.003
153 0.004
153 0.003
154 0.003
154 0.003
154 0.002
155 0.004
155 0.004
155 0.002
156 0.003
156 0.005
156 0.003
157 0.004
157 0.004
157 0.002
158 0.003
158 0.003
158 0.002
159 0.003
159 0.005
159 0.003
160 0.003
160 0.004
160 0.003
161 0.003
161 0.004
161 0.003
162 0.004
162 0.004
162 0.002
163 0.003
163 0.004
163 0.002
164 0.004
164 0.004
164 0.002
165 0.002
165 0.004
165 0.003
166 0.004
166 0.004
166 0.002
167 0.003
167 0.004
167 0.003
168 0.003
168 0.004
168 0.003
169 0.004
169 0.004
169 0.002
170 0.003
170 0.004
170 0.003
171 0.004
171 0.003
171 0.002
172 0.004
172 0.006
172 0.003
173 0.003
173 0.005
173 0.003
174 0.003
174 0.004
174 0.003
175 0.004
175 0.004
175 0.005
176 0.004
176 0.005
176 0.004
177 0.003
177 0.004
177 0.003
178 0.003
178 0.004
178 0.003
179 0.004
179 0.004
179 0.003
180 0.004
180 0.004
180 0.003
181 0.003
181 0.005
181 0.004
182 0.004
182 0.004
182 0.002
183 0.003
183 0.004
183 0.003
184 0.003
184 0.004
184 0.003
185 0.003
185 0.005
185 0.002
186 0.003
186 0.004
186 0.003
187 0.003
187 0.004
187 0.003
188 0.003
188 0.004
188 0.003
189 0.004
189 0.004
189 0.002
190 0.003
190 0.005
190 0.002
191 0.003
191 0.004
191 0.003
192 0.004
192 0.006
192 0.009
193 0.004
193 0.003
193 0.003
194 0.004
194 0.004
194 0.003
195 0.004
195 0.004
195 0.003
196 0.004
196 0.005
196 0.003
197 0.004
197 0.004
197 0.003
198 0.004
198 0.005
198 0.002
199 0.003
199 0.005
199 0.002
200 0.004
200 0.004
200 0.003
201 0.003
201 0.006
201 0.003
202 0.003
202 0.004
202 0.003
203 0.004
203 0.005
203 0.003
204 0.004
204 0.004
204 0.002
205 0.004
205 0.004
205 0.003
206 0.004
206 0.004
206 0.003
207 0.004
207 0.005
207 0.002
208 0.004
208 0.005
208 0.003
209 0.004
209 0.005
209 0.003
210 0.003
210 0.005
210 0.002
211 0.004
211 0.005
211 0.002
212 0.004
212 0.005
212 0.003
213 0.004
213 0.005
213 0.003
214 0.004
214 0.006
214 0.003
215 0.005
215 0.005
215 0.003
216 0.004
216 0.006
216 0.003
217 0.004
217 0.005
217 0.003
218 0.003
218 0.007
218 0.003
219 0.005
219 0.005
219 0.004
220 0.004
220 0.006
220 0.002
221 0.004
221 0.005
221 0.004
222 0.004
222 0.005
222 0.003
223 0.004
223 0.004
223 0.002
224 0.004
224 0.005
224 0.003
225 0.004
225 0.005
225 0.003
226 0.005
226 0.005
226 0.003
227 0.005
227 0.006
227 0.003
228 0.004
228 0.006
228 0.003
229 0.004
229 0.006
229 0.003
230 0.004
230 0.006
230 0.003
231 0.004
231 0.005
231 0.003
232 0.006
232 0.005
232 0.003
233 0.005
233 0.005
233 0.003
234 0.004
234 0.005
234 0.004
235 0.005
235 0.006
235 0.003
236 0.004
236 0.006
236 0.004
237 0.005
237 0.005
237 0.003
238 0.005
238 0.006
238 0.003
239 0.005
239 0.006
239 0.004
240 0.004
240 0.006
240 0.003
241 0.005
241 0.006
241 0.003
242 0.004
242 0.006
242 0.003
243 0.005
243 0.007
243 0.003
244 0.005
244 0.006
244 0.003
245 0.004
245 0.006
245 0.003
246 0.004
246 0.006
246 0.003
247 0.005
247 0.006
247 0.004
248 0.005
248 0.006
248 0.003
249 0.005
249 0.007
249 0.003
250 0.005
250 0.007
250 0.002
251 0.005
251 0.007
251 0.004
252 0.004
252 0.006
252 0.004
253 0.005
253 0.006
253 0.003
254 0.005
254 0.007
254 0.004
255 0.006
255 0.006
255 0.003
256 0.006
256 0.007
256 0.004
257 0.005
257 0.009
257 0.003
258 0.005
258 0.007
258 0.003
259 0.005
259 0.007
259 0.003
260 0.006
260 0.007
260 0.003
261 0.006
261 0.007
261 0.004
262 0.004
262 0.006
262 0.003
263 0.006
263 0.007
263 0.003
264 0.004
264 0.007
264 0.004
265 0.005
265 0.006
265 0.005
266 0.006
266 0.007
266 0.004
267 0.006
267 0.007
267 0.003
268 0.006
268 0.007
268 0.004
269 0.006
269 0.007
269 0.004
270 0.005
270 0.006
270 0.004
271 0.006
271 0.006
271 0.003
280 0.009
280 0.006
280 0.004
281 0.006
281 0.007
281 0.004
282 0.006
282 0.007
282 0.006
280 0.006
280 0.007
280 0.004
281 0.01
281 0.009
281 0.003
282 0.009
282 0.008
282 0.004
283 0.007
283 0.007
283 0.004
284 0.006
284 0.007
284 0.004
285 0.007
285 0.008
285 0.004
286 0.005
286 0.007
286 0.005
287 0.006
287 0.007
287 0.004
288 0.007
288 0.007
288 0.003
289 0.006
289 0.008
289 0.004
290 0.006
290 0.007
290 0.004
291 0.008
291 0.007
291 0.005
292 0.006
292 0.007
292 0.004
293 0.007
293 0.008
293 0.004
294 0.009
294 0.007
294 0.003
295 0.008
295 0.007
295 0.003
296 0.006
296 0.008
296 0.003
297 0.009
297 0.007
297 0.004
298 0.006
298 0.008
298 0.004
299 0.006
299 0.008
299 0.004
300 0.006
300 0.008
300 0.004
301 0.01
301 0.008
301 0.003
302 0.007
302 0.007
302 0.005
303 0.006
303 0.008
303 0.003
304 0.006
304 0.009
304 0.004
305 0.007
305 0.008
305 0.004
306 0.007
306 0.008
306 0.004
307 0.007
307 0.008
307 0.005
308 0.008
308 0.008
308 0.004
309 0.007
309 0.008
309 0.004
310 0.006
310 0.008
310 0.004
311 0.007
311 0.009
311 0.004
312 0.006
312 0.008
312 0.004
313 0.008
313 0.008
313 0.004
314 0.006
314 0.008
314 0.004
315 0.007
315 0.008
315 0.004
316 0.011
316 0.008
316 0.004
317 0.006
317 0.009
317 0.005
318 0.008
318 0.008
318 0.005
319 0.007
319 0.009
319 0.005
320 0.008
320 0.008
320 0.004
321 0.007
321 0.009
321 0.004
322 0.009
322 0.009
322 0.005
323 0.007
323 0.009
323 0.005
324 0.008
324 0.009
324 0.006
325 0.007
325 0.01
325 0.004
326 0.008
326 0.009
326 0.004
327 0.007
327 0.009
327 0.006
328 0.008
328 0.008
328 0.004
329 0.007
329 0.009
329 0.005
330 0.007
330 0.009
330 0.005
331 0.006
331 0.009
331 0.004
332 0.007
332 0.011
332 0.006
333 0.007
333 0.009
333 0.005
334 0.007
334 0.009
334 0.005
335 0.008
335 0.009
335 0.006
336 0.007
336 0.01
336 0.005
337 0.007
337 0.011
337 0.004
338 0.007
338 0.009
338 0.006
339 0.007
339 0.009
339 0.005
340 0.007
340 0.01
340 0.005
341 0.011
341 0.01
341 0.005
342 0.008
342 0.01
342 0.004
343 0.008
343 0.009
343 0.004
344 0.008
344 0.011
344 0.006
345 0.007
345 0.011
345 0.005
346 0.007
346 0.01
346 0.004
347 0.007
347 0.01
347 0.006
348 0.006
348 0.01
348 0.005
349 0.008
349 0.009
349 0.004
350 0.007
350 0.009
350 0.005
351 0.008
351 0.009
351 0.004
352 0.007
352 0.01
352 0.005
353 0.008
353 0.009
353 0.005
354 0.007
354 0.01
354 0.005
355 0.01
355 0.01
355 0.006
356 0.008
356 0.01
356 0.005
357 0.007
357 0.012
357 0.005
358 0.008
358 0.01
358 0.005
359 0.011
359 0.01
359 0.005
360 0.009
360 0.009
360 0.005
361 0.008
361 0.01
361 0.005
362 0.008
362 0.01
362 0.006
363 0.009
363 0.01
363 0.005
364 0.008
364 0.01
364 0.006
365 0.007
365 0.01
365 0.005
366 0.009
366 0.01
366 0.005
367 0.009
367 0.011
367 0.006
368 0.009
368 0.01
368 0.005
369 0.008
369 0.011
369 0.005
370 0.008
370 0.012
370 0.005
371 0.008
371 0.01
371 0.006
372 0.008
372 0.012
372 0.006
373 0.009
373 0.01
373 0.006
374 0.009
374 0.011
374 0.004
375 0.01
375 0.019
375 0.01
376 0.009
376 0.012
376 0.006
377 0.009
377 0.011
377 0.006
378 0.008
378 0.012
378 0.005
379 0.008
379 0.011
379 0.005
380 0.009
380 0.012
380 0.005
381 0.009
381 0.012
381 0.005
382 0.009
382 0.01
382 0.004
383 0.008
383 0.011
383 0.005
384 0.009
384 0.012
384 0.005
385 0.009
385 0.011
385 0.006
386 0.009
386 0.011
386 0.005
387 0.009
387 0.011
387 0.005
388 0.009
388 0.012
388 0.008
389 0.03
389 0.016
389 0.005
390 0.009
390 0.011
390 0.005
391 0.009
391 0.012
391 0.006
392 0.008
392 0.012
392 0.005
393 0.009
393 0.011
393 0.006
394 0.01
394 0.012
394 0.006
395 0.012
395 0.011
395 0.005
396 0.01
396 0.012
396 0.006
397 0.009
397 0.012
397 0.005
398 0.009
398 0.011
398 0.005
399 0.014
399 0.012
399 0.005
400 0.011
400 0.012
400 0.013
401 0.009
401 0.012
401 0.007
402 0.01
402 0.012
402 0.006
403 0.009
403 0.013
403 0.005
404 0.009
404 0.013
404 0.006
405 0.013
405 0.011
405 0.006
406 0.009
406 0.012
406 0.006
407 0.01
407 0.013
407 0.007
408 0.009
408 0.016
408 0.006
409 0.017
409 0.013
409 0.006
410 0.01
410 0.014
410 0.007
411 0.011
411 0.013
411 0.007
412 0.011
412 0.013
412 0.005
413 0.017
413 0.014
413 0.005
414 0.01
414 0.013
414 0.008
415 0.011
415 0.014
415 0.007
416 0.011
416 0.017
416 0.007
417 0.01
417 0.016
417 0.005
418 0.01
418 0.013
418 0.006
419 0.011
419 0.012
419 0.006
420 0.01
420 0.012
420 0.005
421 0.013
421 0.013
421 0.006
422 0.012
422 0.014
422 0.007
423 0.009
423 0.014
423 0.007
424 0.011
424 0.015
424 0.006
425 0.012
425 0.015
425 0.01
426 0.01
426 0.015
426 0.01
427 0.01
427 0.014
427 0.006
428 0.014
428 0.013
428 0.006
429 0.011
429 0.014
429 0.006
430 0.01
430 0.02
430 0.007
431 0.01
431 0.013
431 0.008
432 0.01
432 0.013
432 0.006
433 0.01
433 0.015
433 0.007
434 0.011
434 0.014
434 0.008
435 0.01
435 0.015
435 0.007
436 0.01
436 0.015
436 0.007
437 0.013
437 0.016
437 0.007
438 0.01
438 0.014
438 0.007
439 0.012
439 0.017
439 0.006
440 0.012
440 0.014
440 0.006
441 0.014
441 0.015
441 0.007
442 0.011
442 0.017
442 0.006
443 0.017
443 0.017
443 0.007
444 0.011
444 0.017
444 0.008
445 0.011
445 0.016
445 0.007
446 0.013
446 0.023
446 0.007
447 0.017
447 0.015
447 0.006
448 0.017
448 0.022
448 0.007
449 0.011
449 0.021
449 0.01
450 0.016
450 0.022
450 0.009
451 0.01
451 0.018
451 0.007
452 0.012
452 0.018
452 0.008
453 0.018
453 0.02
453 0.011
454 0.012
454 0.019
454 0.008
455 0.011
455 0.015
455 0.007
456 0.011
456 0.015
456 0.007
457 0.013
457 0.014
457 0.006
458 0.011
458 0.015
458 0.009
459 0.012
459 0.014
459 0.007
460 0.012
460 0.016
460 0.007
461 0.011
461 0.017
461 0.008
462 0.012
462 0.016
462 0.007
463 0.012
463 0.015
463 0.007
464 0.012
464 0.018
464 0.007
465 0.013
465 0.017
465 0.006
466 0.017
466 0.015
466 0.01
467 0.015
467 0.015
467 0.008
468 0.013
468 0.016
468 0.007
469 0.012
469 0.016
469 0.007
470 0.012
470 0.017
470 0.007
471 0.012
471 0.016
471 0.008
472 0.012
472 0.015
472 0.008
473 0.012
473 0.022
473 0.008
474 0.012
474 0.017
474 0.007
475 0.013
475 0.016
475 0.007
476 0.012
476 0.016
476 0.007
477 0.013
477 0.017
477 0.007
478 0.013
478 0.017
478 0.007
479 0.012
479 0.017
479 0.009
480 0.012
480 0.016
480 0.007
481 0.013
481 0.017
481 0.009
482 0.013
482 0.021
482 0.008
483 0.012
483 0.017
483 0.007
484 0.013
484 0.016
484 0.008
485 0.013
485 0.023
485 0.007
486 0.013
486 0.018
486 0.008
487 0.013
487 0.017
487 0.009
488 0.013
488 0.019
488 0.008
489 0.013
489 0.017
489 0.008
490 0.012
490 0.018
490 0.007
491 0.013
491 0.018
491 0.007
492 0.013
492 0.018
492 0.008
493 0.013
493 0.018
493 0.008
494 0.012
494 0.026
494 0.009
495 0.013
495 0.017
495 0.007
496 0.014
496 0.019
496 0.007
497 0.024
497 0.028
497 0.008
498 0.016
498 0.018
498 0.008
499 0.013
499 0.017
499 0.008
500 0.013
500 0.018
500 0.012
501 0.014
501 0.018
501 0.008
502 0.018
502 0.017
502 0.008
503 0.013
503 0.018
503 0.009
504 0.013
504 0.023
504 0.01
505 0.019
505 0.019
505 0.008
506 0.013
506 0.019
506 0.008
507 0.017
507 0.019
507 0.008
508 0.015
508 0.02
508 0.009
509 0.014
509 0.022
509 0.007
510 0.014
510 0.019
510 0.009
511 0.014
511 0.018
511 0.007
512 0.013
512 0.018
512 0.009
513 0.015
513 0.019
513 0.01
514 0.014
514 0.02
514 0.008
515 0.015
515 0.019
515 0.008
516 0.014
516 0.019
516 0.009
517 0.014
517 0.018
517 0.007
518 0.014
518 0.02
518 0.012
519 0.015
519 0.019
519 0.008
520 0.019
520 0.022
520 0.008
521 0.014
521 0.019
521 0.008
522 0.014
522 0.018
522 0.008
523 0.017
523 0.019
523 0.009
524 0.015
524 0.019
524 0.008
525 0.015
525 0.019
525 0.009
526 0.015
526 0.02
526 0.008
527 0.014
527 0.02
527 0.011
528 0.015
528 0.026
528 0.009
529 0.014
529 0.02
529 0.008
530 0.018
530 0.02
530 0.009
531 0.015
531 0.02
531 0.011
532 0.015
532 0.025
532 0.009
533 0.015
533 0.019
533 0.009
534 0.016
534 0.02
534 0.01
535 0.014
535 0.022
535 0.008
536 0.015
536 0.02
536 0.008
537 0.015
537 0.021
537 0.01
538 0.014
538 0.019
538 0.008
539 0.016
539 0.02
539 0.009
540 0.016
540 0.021
540 0.01
541 0.015
541 0.021
541 0.01
542 0.015
542 0.021
542 0.01
543 0.016
543 0.021
543 0.009
544 0.016
544 0.021
544 0.01
545 0.019
545 0.021
545 0.01
546 0.015
546 0.022
546 0.011
547 0.016
547 0.02
547 0.01
548 0.016
548 0.02
548 0.009
549 0.017
549 0.02
549 0.01
550 0.019
550 0.021
550 0.01
551 0.016
551 0.02
551 0.008
552 0.016
552 0.025
552 0.01
553 0.015
553 0.021
553 0.01
554 0.021
554 0.021
554 0.01
555 0.015
555 0.022
555 0.01
556 0.017
556 0.021
556 0.01
557 0.015
557 0.022
557 0.01
558 0.015
558 0.023
558 0.01
559 0.017
559 0.023
559 0.009
560 0.015
560 0.021
560 0.008
561 0.02
561 0.022
561 0.01
562 0.016
562 0.022
562 0.01
563 0.016
563 0.028
563 0.009
564 0.017
564 0.028
564 0.01
565 0.018
565 0.022
565 0.008
566 0.016
566 0.023
566 0.011
567 0.017
567 0.023
567 0.011
568 0.017
568 0.025
568 0.01
569 0.016
569 0.022
569 0.01
570 0.016
570 0.022
570 0.009
571 0.017
571 0.022
571 0.009
572 0.017
572 0.033
572 0.009
573 0.017
573 0.022
573 0.009
574 0.016
574 0.027
574 0.011
575 0.017
575 0.022
575 0.01
576 0.018
576 0.024
576 0.01
577 0.018
577 0.023
577 0.009
578 0.017
578 0.03
578 0.011
579 0.018
579 0.022
579 0.009
580 0.017
580 0.024
580 0.018
581 0.017
581 0.023
581 0.009
582 0.017
582 0.027
582 0.01
583 0.017
583 0.023
583 0.009
584 0.018
584 0.024
584 0.01
585 0.017
585 0.023
585 0.01
586 0.018
586 0.025
586 0.011
587 0.018
587 0.024
587 0.011
588 0.018
588 0.029
588 0.01
589 0.017
589 0.024
589 0.01
590 0.024
590 0.029
590 0.01
591 0.018
591 0.024
591 0.011
592 0.018
592 0.026
592 0.011
593 0.018
593 0.024
593 0.01
594 0.018
594 0.034
594 0.01
595 0.017
595 0.023
595 0.009
596 0.017
596 0.032
596 0.012
597 0.017
597 0.024
597 0.01
598 0.018
598 0.024
598 0.011
599 0.018
599 0.024
599 0.011
600 0.019
600 0.027
600 0.012
601 0.017
601 0.025
601 0.011
602 0.018
602 0.027
602 0.011
603 0.018
603 0.025
603 0.01
604 0.018
604 0.027
604 0.01
605 0.018
605 0.024
605 0.01
606 0.018
606 0.026
606 0.011
607 0.019
607 0.026
607 0.01
608 0.02
608 0.025
608 0.01
609 0.018
609 0.025
609 0.011
610 0.019
610 0.028
610 0.011
611 0.019
611 0.027
611 0.012
612 0.019
612 0.027
612 0.011
613 0.019
613 0.026
613 0.01
614 0.021
614 0.028
614 0.01
615 0.019
615 0.027
615 0.01
616 0.018
616 0.027
616 0.011
617 0.02
617 0.025
617 0.011
618 0.019
618 0.026
618 0.011
619 0.02
619 0.027
619 0.011
620 0.02
620 0.028
620 0.011
621 0.02
621 0.025
621 0.011
622 0.022
622 0.031
622 0.011
623 0.019
623 0.026
623 0.011
624 0.02
624 0.027
624 0.01
625 0.02
625 0.026
625 0.011
626 0.02
626 0.027
626 0.011
627 0.02
627 0.027
627 0.012
628 0.019
628 0.027
628 0.012
629 0.021
629 0.027
629 0.011
630 0.02
630 0.027
630 0.012
631 0.02
631 0.027
631 0.011
632 0.02
632 0.027
632 0.013
633 0.02
633 0.027
633 0.011
634 0.02
634 0.027
634 0.012
635 0.02
635 0.027
635 0.011
636 0.021
636 0.027
636 0.012
637 0.02
637 0.029
637 0.011
638 0.022
638 0.028
638 0.012
639 0.019
639 0.033
639 0.012
640 0.02
640 0.028
640 0.012
641 0.02
641 0.029
641 0.012
642 0.021
642 0.027
642 0.012
643 0.021
643 0.031
643 0.012
644 0.021
644 0.028
644 0.012
645 0.02
645 0.031
645 0.012
646 0.021
646 0.028
646 0.012
647 0.021
647 0.027
647 0.012
648 0.02
648 0.028
648 0.012
649 0.021
649 0.031
649 0.012
650 0.021
650 0.029
650 0.013
651 0.026
651 0.028
651 0.011
652 0.022
652 0.028
652 0.013
653 0.021
653 0.028
653 0.012
654 0.021
654 0.028
654 0.013
655 0.02
655 0.029
655 0.012
656 0.022
656 0.029
656 0.012
657 0.021
657 0.029
657 0.013
658 0.021
658 0.029
658 0.013
659 0.02
659 0.038
659 0.013
660 0.021
660 0.029
660 0.013
661 0.022
661 0.028
661 0.012
662 0.021
662 0.029
662 0.013
663 0.023
663 0.029
663 0.013
664 0.022
664 0.029
664 0.013
665 0.022
665 0.031
665 0.012
666 0.023
666 0.03
666 0.014
667 0.022
667 0.03
667 0.013
668 0.022
668 0.03
668 0.013
669 0.023
669 0.03
669 0.013
670 0.023
670 0.031
670 0.014
671 0.021
671 0.03
671 0.012
672 0.023
672 0.03
672 0.013
673 0.022
673 0.03
673 0.014
674 0.025
674 0.03
674 0.013
675 0.022
675 0.031
675 0.012
676 0.027
676 0.03
676 0.014
677 0.023
677 0.03
677 0.014
678 0.023
678 0.03
678 0.016
679 0.024
679 0.031
679 0.013
680 0.023
680 0.031
680 0.017
681 0.024
681 0.03
681 0.014
682 0.024
682 0.031
682 0.014
683 0.025
683 0.031
683 0.014
684 0.022
684 0.031
684 0.013
685 0.027
685 0.032
685 0.013
686 0.024
686 0.032
686 0.013
687 0.029
687 0.032
687 0.015
688 0.024
688 0.031
688 0.013
689 0.024
689 0.032
689 0.013
690 0.023
690 0.031
690 0.014
691 0.024
691 0.032
691 0.013
692 0.029
692 0.033
692 0.022
693 0.024
693 0.032
693 0.014
694 0.024
694 0.043
694 0.014
695 0.024
695 0.033
695 0.013
696 0.024
696 0.032
696 0.013
697 0.024
697 0.032
697 0.013
698 0.023
698 0.032
698 0.014
699 0.025
699 0.033
699 0.013
700 0.025
700 0.033
700 0.014
701 0.024
701 0.035
701 0.014
702 0.024
702 0.032
702 0.015
703 0.026
703 0.033
703 0.015
704 0.025
704 0.033
704 0.015
705 0.024
705 0.033
705 0.014
706 0.024
706 0.033
706 0.015
707 0.025
707 0.033
707 0.015
708 0.025
708 0.033
708 0.014
709 0.026
709 0.034
709 0.015
710 0.026
710 0.034
710 0.015
711 0.024
711 0.033
711 0.014
712 0.025
712 0.035
712 0.014
713 0.025
713 0.034
713 0.015
714 0.025
714 0.033
714 0.015
715 0.029
715 0.034
715 0.014
716 0.024
716 0.034
716 0.014
717 0.026
717 0.035
717 0.015
718 0.025
718 0.035
718 0.014
719 0.027
719 0.034
719 0.015
720 0.026
720 0.041
720 0.014
721 0.027
721 0.035
721 0.014
722 0.028
722 0.035
722 0.014
723 0.027
723 0.035
723 0.015
724 0.026
724 0.034
724 0.016
725 0.031
725 0.035
725 0.016
726 0.026
726 0.035
726 0.015
727 0.026
727 0.035
727 0.013
728 0.026
728 0.036
728 0.016
729 0.026
729 0.036
729 0.015
730 0.026
730 0.035
730 0.014
731 0.027
731 0.036
731 0.014
732 0.027
732 0.035
732 0.015
733 0.03
733 0.036
733 0.014
734 0.026
734 0.035
734 0.016
735 0.036
735 0.036
735 0.015
736 0.027
736 0.037
736 0.016
737 0.029
737 0.036
737 0.015
738 0.027
738 0.036
738 0.016
739 0.028
739 0.036
739 0.014
740 0.027
740 0.036
740 0.016
741 0.028
741 0.036
741 0.016
742 0.026
742 0.037
742 0.016
743 0.027
743 0.037
743 0.015
744 0.027
744 0.037
744 0.016
745 0.027
745 0.037
745 0.015
746 0.026
746 0.037
746 0.015
747 0.026
747 0.038
747 0.015
748 0.028
748 0.036
748 0.016
749 0.026
749 0.039
749 0.017
750 0.028
750 0.037
750 0.015
751 0.03
751 0.038
751 0.015
752 0.027
752 0.037
752 0.016
753 0.029
753 0.037
753 0.016
754 0.027
754 0.038
754 0.015
755 0.028
755 0.037
755 0.016
756 0.027
756 0.039
756 0.023
757 0.043
757 0.038
757 0.017
758 0.027
758 0.038
758 0.015
759 0.027
759 0.038
759 0.015
760 0.028
760 0.038
760 0.016
761 0.031
761 0.039
761 0.016
762 0.03
762 0.038
762 0.018
763 0.03
763 0.038
763 0.016
764 0.027
764 0.041
764 0.015
765 0.029
765 0.039
765 0.017
766 0.029
766 0.038
766 0.016
767 0.032
767 0.045
767 0.017
768 0.029
768 0.039
768 0.018
769 0.037
769 0.039
769 0.017
770 0.029
770 0.038
770 0.015
771 0.03
771 0.039
771 0.015
772 0.029
772 0.039
772 0.022
773 0.03
773 0.039
773 0.015
774 0.03
774 0.039
774 0.015
775 0.031
775 0.039
775 0.014
776 0.028
776 0.04
776 0.015
777 0.033
777 0.04
777 0.016
778 0.029
778 0.041
778 0.016
779 0.033
779 0.041
779 0.022
780 0.029
780 0.041
780 0.014
781 0.031
781 0.04
781 0.018
782 0.03
782 0.04
782 0.014
783 0.03
783 0.043
783 0.015
784 0.03
784 0.04
784 0.016
785 0.033
785 0.04
785 0.017
786 0.029
786 0.041
786 0.015
787 0.032
787 0.04
787 0.016
788 0.03
788 0.043
788 0.016
789 0.032
789 0.041
789 0.015
790 0.03
790 0.043
790 0.015
791 0.033
791 0.041
791 0.016
792 0.032
792 0.04
792 0.016
793 0.032
793 0.041
793 0.016
794 0.03
794 0.042
794 0.016
795 0.034
795 0.042
795 0.016
796 0.031
796 0.044
796 0.016
797 0.037
797 0.042
797 0.016
798 0.03
798 0.041
798 0.016
799 0.034
799 0.042
799 0.019
800 0.031
800 0.042
800 0.016
801 0.036
801 0.042
801 0.018
802 0.03
802 0.047
802 0.016
803 0.032
803 0.043
803 0.016
804 0.031
804 0.043
804 0.016
805 0.034
805 0.042
805 0.016
806 0.03
806 0.043
806 0.016
807 0.037
807 0.042
807 0.018
808 0.031
808 0.043
808 0.016
809 0.033
809 0.043
809 0.016
810 0.03
810 0.044
810 0.016
811 0.034
811 0.043
811 0.016
812 0.032
812 0.043
812 0.017
813 0.034
813 0.043
813 0.016
814 0.033
814 0.044
814 0.016
815 0.033
815 0.043
815 0.016
816 0.032
816 0.044
816 0.016
817 0.036
817 0.045
817 0.017
818 0.033
818 0.043
818 0.017
819 0.033
819 0.046
819 0.016
820 0.032
820 0.044
820 0.016
821 0.033
821 0.049
821 0.016
822 0.033
822 0.046
822 0.016
823 0.042
823 0.044
823 0.016
824 0.032
824 0.047
824 0.017
825 0.033
825 0.045
825 0.017
826 0.034
826 0.045
826 0.017
827 0.033
827 0.045
827 0.019
828 0.033
828 0.045
828 0.017
829 0.039
829 0.053
829 0.017
830 0.033
830 0.049
830 0.017
831 0.032
831 0.055
831 0.018
832 0.033
832 0.045
832 0.02
833 0.034
833 0.046
833 0.02
834 0.04
834 0.047
834 0.023
835 0.05
835 0.045
835 0.025
836 0.041
836 0.052
836 0.017
837 0.037
837 0.047
837 0.018
838 0.051
838 0.049
838 0.019
839 0.039
839 0.053
839 0.017
840 0.043
840 0.061
840 0.019
841 0.038
841 0.047
841 0.027
842 0.04
842 0.058
842 0.021
843 0.038
843 0.05
843 0.024
844 0.036
844 0.058
844 0.024
845 0.045
845 0.062
845 0.024
846 0.064
846 0.08
846 0.025
847 0.095
847 0.087
847 0.027
848 0.051
848 0.058
848 0.022
849 0.053
849 0.066
849 0.023
850 0.038
850 0.052
850 0.019
851 0.046
851 0.047
851 0.019
852 0.041
852 0.061
852 0.027
853 0.038
853 0.048
853 0.024
854 0.036
854 0.053
854 0.02
855 0.04
855 0.058
855 0.019
856 0.038
856 0.049
856 0.022
857 0.041
857 0.05
857 0.018
858 0.04
858 0.048
858 0.025
859 0.035
859 0.049
859 0.018
860 0.04
860 0.048
860 0.018
861 0.047
861 0.049
861 0.021
862 0.042
862 0.049
862 0.018
863 0.036
863 0.05
863 0.017
864 0.044
864 0.051
864 0.021
865 0.038
865 0.048
865 0.019
866 0.038
866 0.049
866 0.018
867 0.046
867 0.049
867 0.017
868 0.036
868 0.065
868 0.018
869 0.037
869 0.052
869 0.02
870 0.038
870 0.055
870 0.018
871 0.039
871 0.05
871 0.017
872 0.036
872 0.051
872 0.019
873 0.036
873 0.052
873 0.02
874 0.047
874 0.051
874 0.018
875 0.036
875 0.05
875 0.019
876 0.042
876 0.051
876 0.02
877 0.036
877 0.055
877 0.018
878 0.037
878 0.05
878 0.022
879 0.037
879 0.05
879 0.018
880 0.039
880 0.055
880 0.019
881 0.037
881 0.051
881 0.019
882 0.039
882 0.051
882 0.019
883 0.037
883 0.052
883 0.018
884 0.038
884 0.051
884 0.021
885 0.039
885 0.052
885 0.018
886 0.038
886 0.052
886 0.019
887 0.037
887 0.052
887 0.019
888 0.043
888 0.052
888 0.02
889 0.039
889 0.052
889 0.018
890 0.039
890 0.051
890 0.02
891 0.038
891 0.052
891 0.018
892 0.04
892 0.055
892 0.02
893 0.038
893 0.054
893 0.018
894 0.038
894 0.055
894 0.018
895 0.039
895 0.052
895 0.025
896 0.039
896 0.052
896 0.023
897 0.038
897 0.052
897 0.02
898 0.04
898 0.061
898 0.025
899 0.038
899 0.053
899 0.019
900 0.039
900 0.053
900 0.019
901 0.039
901 0.055
901 0.019
902 0.039
902 0.054
902 0.019
903 0.04
903 0.039
903 0.051
903 0.019
904 0.037
904 0.052
904 0.018
905 0.038
905 0.052
905 0.019
906 0.039
906 0.051
906 0.018
907 0.039
907 0.053
907 0.019
908 0.038
908 0.052
908 0.024
909 0.038
909 0.053
909 0.019
910 0.039
910 0.054
910 0.018
911 0.04
911 0.054
911 0.018
912 0.041
912 0.053
912 0.018
913 0.038
913 0.053
913 0.019
914 0.045
914 0.054
914 0.019
915 0.039
915 0.053
915 0.019
916 0.049
916 0.053
916 0.018
917 0.038
917 0.054
917 0.018
918 0.045
918 0.053
918 0.018
919 0.04
919 0.053
919 0.02
920 0.048
920 0.055
920 0.019
921 0.04
921 0.054
921 0.02
922 0.055
922 0.088
922 0.021
923 0.045
923 0.057
923 0.02
924 0.039
924 0.064
924 0.018
925 0.04
925 0.054
925 0.02
926 0.043
926 0.056
926 0.02
927 0.051
927 0.054
927 0.021
928 0.044
928 0.055
928 0.019
929 0.042
929 0.063
929 0.018
930 0.042
930 0.056
930 0.023
931 0.051
931 0.054
931 0.021
932 0.039
932 0.054
932 0.019
933 0.04
933 0.055
933 0.02
934 0.04
934 0.055
934 0.019
935 0.047
935 0.055
935 0.023
936 0.042
936 0.055
936 0.02
937 0.041
937 0.055
937 0.02
938 0.046
938 0.055
938 0.02
939 0.041
939 0.056
939 0.02
940 0.042
940 0.056
940 0.019
941 0.042
941 0.057
941 0.021
942 0.041
942 0.055
942 0.019
943 0.042
943 0.056
943 0.019
944 0.04
944 0.056
944 0.02
945 0.041
945 0.056
945 0.02
946 0.042
946 0.058
946 0.021
947 0.042
947 0.057
947 0.028
948 0.044
948 0.057
948 0.018
949 0.042
949 0.057
949 0.02
950 0.043
950 0.065
950 0.019
951 0.042
951 0.058
951 0.02
952 0.043
952 0.058
952 0.028
953 0.04
953 0.057
953 0.02
954 0.041
954 0.058
954 0.02
955 0.042
955 0.058
955 0.02
956 0.042
956 0.058
956 0.031
957 0.043
957 0.059
957 0.019
958 0.042
958 0.058
958 0.026
959 0.042
959 0.058
959 0.022
960 0.042
960 0.058
960 0.02
961 0.049
961 0.057
961 0.02
962 0.048
962 0.059
962 0.019
963 0.042
963 0.058
963 0.027
964 0.043
964 0.058
964 0.023
965 0.042
965 0.061
965 0.019
966 0.043
966 0.059
966 0.02
967 0.049
967 0.065
967 0.023
968 0.043
968 0.058
968 0.023
969 0.05
969 0.059
969 0.025
970 0.043
970 0.069
970 0.02
971 0.045
971 0.061
971 0.025
972 0.053
972 0.06
972 0.02
973 0.044
973 0.059
973 0.034
974 0.046
974 0.059
974 0.022
975 0.056
975 0.073
975 0.02
976 0.048
976 0.062
976 0.032
977 0.044
977 0.059
977 0.032
978 0.044
978 0.071
978 0.022
979 0.054
979 0.071
979 0.024
980 0.053
980 0.083
980 0.032
981 0.1
981 0.075
981 0.027
982 0.067
982 0.084
982 0.021
983 0.05
983 0.075
983 0.024
984 0.066
984 0.124
984 0.03
985 0.055
985 0.105
985 0.035
986 0.055
986 0.094
986 0.025
987 0.05
987 0.084
987 0.026
988 0.05
988 0.078
988 0.026
989 0.046
989 0.065
989 0.02
990 0.046
