100 0.001
100 0.001
100 0.001
200 0.002
200 0.002
200 0.001
300 0.004
300 0.008
300 0.002
0 0
0 0
0 0
0 0
1 0
1 0
1 0
2 0
2 0
2 0
3 0
3 0
3 0
4 0
4 0
4 0
5 0
5 0
5 0
6 0
6 0
6 0
7 0
7 0
7 0
8 0
8 0
8 0
9 0
9 0
9 0
10 0
10 0
10 0
11 0
11 0
11 0
12 0
12 0
12 0
13 0
13 0
13 0
1 0
1 0
1 0
2 0
2 0
2 0
3 0
3 0
3 0
4 0
4 0
4 0
5 0
5 0
5 0
6 0
6 0
6 0
7 0
7 0
7 0
8 0
8 0
8 0
9 0
9 0
9 0
10 0
10 0
10 0
11 0
11 0
11 0
12 0
12 0
12 0
13 0
13 0
13 0
14 0
14 0
14 0
15 0
15 0
15 0
16 0
16 0
16 0
17 0
17 0
17 0
18 0
18 0
18 0.001
19 0
19 0
19 0
20 0
20 0
20 0
21 0
21 0
21 0
22 0
22 0
22 0
23 0
23 0
23 0
24 0
24 0
24 0
25 0
25 0
25 0
26 0
26 0
26 0
27 0
27 0
27 0
28 0
28 0
28 0
29 0
29 0.001
29 0
30 0
30 0
30 0
31 0.001
31 0
31 0
32 0
32 0
32 0
33 0
33 0
33 0
34 0.001
34 0
34 0
35 0
35 0
35 0
36 0
36 0
36 0
37 0
37 0
37 0
38 0
38 0
38 0
1 0
1 0
1 0
2 0
2 0
2 0
3 0
3 0
3 0
4 0
4 0
4 0
5 0
5 0
5 0
6 0
6 0
6 0
7 0
7 0
7 0
8 0
8 0
8 0
9 0
9 0
9 0
10 0
10 0
10 0
11 0
11 0
11 0
12 0
12 0
12 0
13 0
13 0
13 0
14 0
14 0
14 0
15 0
15 0
15 0
16 0
16 0
16 0
17 0
17 0
17 0
18 0
18 0
18 0
19 0
19 0
19 0
20 0
20 0
20 0
21 0
21 0
21 0
22 0
22 0
22 0
23 0
23 0
23 0
24 0
24 0
24 0
25 0
25 0
25 0
26 0
26 0
26 0.001
27 0
27 0
27 0
28 0
28 0
28 0
29 0
29 0
29 0
30 0
30 0.001
30 0
31 0
31 0
31 0
32 0
32 0
32 0
33 0
33 0
33 0
34 0
34 0
34 0
35 0
35 0.001
35 0
36 0
36 0
36 0
37 0
37 0
37 0
38 0
38 0
38 0
39 0.001
39 0
39 0
40 0
40 0
40 0
41 0
41 0
41 0
42 0
42 0
42 0
43 0
43 0
43 0
44 0
44 0.001
44 0
45 0
45 0
45 0
46 0
46 0
46 0
47 0
47 0
47 0
48 0
48 0
48 0
49 0.001
49 0
49 0
50 0
50 0
50 0
51 0
51 0.001
51 0
52 0
52 0
52 0
53 0
53 0
53 0
54 0.001
54 0
54 0
55 0
55 0
55 0
56 0
56 0
56 0
57 0
57 0
57 0
58 0.001
58 0
58 0
59 0
59 0
59 0
60 0
60 0
60 0
61 0
61 0
61 0
62 0
62 0
62 0
63 0
63 0.001
63 0
64 0.001
64 0
64 0.001
65 0
65 0
65 0
66 0
66 0
66 0
67 0
67 0
67 0.001
68 0
68 0
68 0
69 0
69 0
69 0
70 0
70 0
70 0
71 0
71 0
71 0
72 0
72 0
72 0
73 0
73 0
73 0
74 0
74 0
74 0
75 0.001
75 0
75 0
76 0
76 0
76 0
77 0
77 0
77 0
78 0
78 0
78 0
79 0
79 0.001
79 0
80 0.001
80 0.001
80 0
81 0
81 0
81 0
82 0
82 0
82 0
83 0.001
83 0
83 0
84 0.001
84 0.001
84 0
85 0.001
85 0
85 0
86 0.001
86 0.001
86 0
87 0
87 0.001
87 0
88 0
88 0.001
88 0
89 0.001
89 0.001
89 0
90 0.001
90 0
90 0
91 0
91 0.001
91 0
92 0.001
92 0
92 0
93 0
93 0.001
93 0.001
94 0
94 0.001
94 0
95 0
95 0.001
95 0
96 0
96 0.001
96 0.001
97 0
97 0.001
97 0
98 0.001
98 0
98 0
99 0
99 0.001
99 0
100 0
100 0.001
100 0.001
101 0
101 0
101 0
102 0
102 0.001
102 0
103 0
103 0
103 0
104 0
104 0.001
104 0
105 0.001
105 0.001
105 0
106 0.001
106 0.001
106 0
107 0
107 0.001
107 0
108 0.001
108 0
108 0
109 0.001
109 0.001
109 0.001
110 0.001
110 0.001
110 0.001
111 0.001
111 0.001
111 0.001
112 0.001
112 0.001
112 0.001
113 0.001
113 0
113 0
114 0
114 0.001
114 0.001
115 0.001
115 0
115 0
116 0
116 0.001
116 0.001
117 0
117 0.001
117 0
118 0
118 0.001
118 0.001
119 0.001
119 0.001
119 0
120 0.001
120 0.001
120 0
121 0.001
121 0.001
121 0
122 0
122 0.001
122 0.001
123 0
123 0.001
123 0
124 0.001
124 0.001
124 0
125 0.001
125 0.001
125 0
126 0.001
126 0.001
126 0.001
127 0.001
127 0.001
127 0
128 0.001
128 0.001
128 0
129 0.001
129 0.001
129 0
130 0
130 0.001
130 0
131 0.001
131 0.001
131 0
132 0.001
132 0.001
132 0.001
133 0.001
133 0.001
133 0.001
134 0.001
134 0.001
134 0
135 0.001
135 0.001
135 0
136 0.001
136 0.002
136 0
137 0.002
137 0.001
137 0
138 0.001
138 0.002
138 0
139 0.001
139 0.001
139 0.001
140 0.001
140 0.001
140 0.001
141 0.001
141 0.001
141 0
142 0.001
142 0.002
142 0
143 0.001
143 0.001
143 0
144 0.001
144 0.002
144 0.001
145 0.001
145 0.001
145 0.001
146 0.001
146 0.001
146 0.001
147 0.001
147 0.002
147 0.001
148 0.001
148 0.001
148 0
149 0.001
149 0.002
149 0
150 0.001
150 0.002
150 0.001
151 0.001
151 0.001
151 0.001
152 0.001
152 0.001
152 0.001
153 0.001
153 0.002
153 0.001
154 0.001
154 0.002
154 0
155 0.001
155 0.001
155 0.001
156 0.002
156 0.002
156 0.001
157 0.002
157 0.001
157 0.001
158 0.001
158 0.002
158 0.001
159 0.001
159 0.002
159 0.001
160 0.001
160 0.001
160 0.001
161 0.001
161 0.002
161 0.001
162 0.001
162 0.002
162 0.001
163 0.001
163 0.002
163 0
164 0.002
164 0.001
164 0
165 0.001
165 0.001
165 0.001
166 0.001
166 0.002
166 0.001
167 0.001
167 0.002
167 0.001
168 0.001
168 0.002
168 0.001
169 0.002
169 0.002
169 0.001
170 0.001
170 0.002
170 0.001
171 0.001
171 0.002
171 0
172 0.002
172 0.002
172 0.001
173 0.002
173 0.002
173 0.001
174 0.002
174 0.002
174 0.001
175 0.001
175 0.002
175 0.001
176 0.001
176 0.002
176 0.001
177 0.002
177 0.002
177 0.001
178 0.001
178 0.002
178 0.001
179 0.002
179 0.002
179 0.001
180 0.001
180 0.002
180 0.001
181 0.002
181 0.002
181 0.001
182 0.002
182 0.002
182 0.001
183 0.001
183 0.002
183 0.001
184 0.002
184 0.002
184 0.001
185 0.002
185 0.002
185 0.001
186 0.001
186 0.002
186 0.001
187 0.002
187 0.002
187 0.001
188 0.002
188 0.002
188 0.001
189 0.002
189 0.002
189 0.001
190 0.002
190 0.002
190 0.001
191 0.002
191 0.003
191 0.001
192 0.002
192 0.002
192 0.001
193 0.003
193 0.003
193 0
194 0.002
194 0.003
194 0.001
195 0.001
195 0.003
195 0.001
196 0.001
196 0.003
196 0.001
197 0.002
197 0.002
197 0.001
198 0.002
198 0.002
198 0.001
199 0.002
199 0.003
199 0.001
200 0.001
200 0.003
200 0.001
201 0.002
201 0.003
201 0.001
202 0.002
202 0.003
202 0.001
203 0.002
203 0.003
203 0.001
204 0.002
204 0.003
204 0.001
205 0.002
205 0.003
205 0.001
206 0.002
206 0.002
206 0.001
207 0.002
207 0.002
207 0.001
208 0.002
208 0.002
208 0.001
209 0.002
209 0.003
209 0.001
210 0.002
210 0.003
210 0.001
211 0.002
211 0.003
211 0.001
212 0.002
212 0.003
212 0.001
213 0.002
213 0.003
213 0.001
214 0.002
214 0.003
214 0.002
215 0.002
215 0.003
215 0.001
216 0.002
216 0.003
216 0.002
217 0.002
217 0.003
217 0.001
218 0.002
218 0.003
218 0.001
219 0.002
219 0.004
219 0.001
220 0.002
220 0.003
220 0.001
221 0.002
221 0.003
221 0.001
222 0.003
222 0.003
222 0.001
223 0.002
223 0.003
223 0.002
224 0.003
224 0.004
224 0.001
225 0.002
225 0.003
225 0.001
226 0.003
226 0.004
226 0.001
227 0.002
227 0.003
227 0.001
228 0.003
228 0.003
228 0.001
229 0.003
229 0.003
229 0.001
230 0.002
230 0.003
230 0.002
231 0.003
231 0.004
231 0.002
232 0.002
232 0.004
232 0.002
233 0.002
233 0.003
233 0.001
234 0.003
234 0.004
234 0.001
235 0.002
235 0.004
235 0.001
236 0.002
236 0.003
236 0.001
237 0.003
237 0.003
237 0.001
238 0.003
238 0.004
238 0.001
239 0.003
239 0.003
239 0.001
240 0.003
240 0.003
240 0.001
241 0.002
241 0.004
241 0.002
242 0.002
242 0.003
242 0.002
243 0.003
243 0.004
243 0.001
244 0.003
244 0.003
244 0.001
245 0.003
245 0.004
245 0.002
246 0.003
246 0.004
246 0.001
247 0.003
247 0.004
247 0.001
248 0.002
248 0.003
248 0.002
249 0.003
249 0.004
249 0.002
250 0.003
250 0.004
250 0.001
251 0.003
251 0.004
251 0.001
252 0.003
252 0.004
252 0.002
253 0.003
253 0.004
253 0.002
254 0.003
254 0.004
254 0.002
255 0.003
255 0.005
255 0.001
256 0.003
256 0.004
256 0.002
257 0.003
257 0.004
257 0.002
258 0.003
258 0.004
258 0.002
259 0.003
259 0.005
259 0.002
260 0.003
260 0.004
260 0.002
261 0.003
261 0.004
261 0.002
262 0.003
262 0.005
262 0.002
263 0.003
263 0.004
263 0.002
264 0.003
264 0.004
264 0.002
265 0.003
265 0.004
265 0.001
266 0.003
266 0.005
266 0.002
267 0.003
267 0.004
267 0.002
268 0.004
268 0.004
268 0.002
269 0.003
269 0.004
269 0.002
270 0.003
270 0.004
270 0.002
271 0.003
271 0.005
271 0.002
280 0.004
280 0.005
280 0.002
281 0.003
281 0.005
281 0.002
282 0.004
282 0.005
282 0.003
280 0.004
280 0.005
280 0.002
281 0.006
281 0.006
281 0.002
282 0.004
282 0.005
282 0.002
283 0.003
283 0.005
283 0.002
284 0.003
284 0.005
284 0.002
285 0.004
285 0.005
285 0.002
286 0.003
286 0.005
286 0.002
287 0.004
287 0.005
287 0.002
288 0.005
288 0.005
288 0.002
289 0.004
289 0.005
289 0.002
290 0.004
290 0.005
290 0.002
291 0.004
291 0.006
291 0.002
292 0.004
292 0.005
292 0.002
293 0.004
293 0.006
293 0.002
294 0.004
294 0.005
294 0.002
295 0.004
295 0.006
295 0.002
296 0.004
296 0.006
296 0.002
297 0.004
297 0.006
297 0.002
298 0.004
298 0.006
298 0.002
299 0.004
299 0.006
299 0.002
300 0.004
300 0.005
300 0.002
301 0.006
301 0.005
301 0.003
302 0.004
302 0.005
302 0.002
303 0.004
303 0.006
303 0.002
304 0.004
304 0.006
304 0.002
305 0.004
305 0.006
305 0.003
306 0.004
306 0.006
306 0.002
307 0.005
307 0.006
307 0.003
308 0.004
308 0.006
308 0.002
309 0.005
309 0.005
309 0.002
310 0.004
310 0.006
310 0.003
311 0.005
311 0.006
311 0.002
312 0.005
312 0.006
312 0.002
313 0.005
313 0.006
313 0.002
314 0.004
314 0.006
314 0.003
315 0.005
315 0.006
315 0.002
316 0.004
316 0.006
316 0.002
317 0.004
317 0.007
317 0.003
318 0.005
318 0.006
318 0.003
319 0.005
319 0.006
319 0.002
320 0.005
320 0.006
320 0.003
321 0.004
321 0.006
321 0.003
322 0.006
322 0.006
322 0.002
323 0.005
323 0.007
323 0.003
324 0.005
324 0.007
324 0.002
325 0.004
325 0.007
325 0.003
326 0.005
326 0.006
326 0.003
327 0.005
327 0.006
327 0.003
328 0.004
328 0.007
328 0.003
329 0.005
329 0.007
329 0.002
330 0.005
330 0.007
330 0.003
331 0.005
331 0.007
331 0.003
332 0.006
332 0.007
332 0.003
333 0.005
333 0.007
333 0.003
334 0.005
334 0.007
334 0.003
335 0.005
335 0.007
335 0.003
336 0.005
336 0.007
336 0.003
337 0.005
337 0.008
337 0.003
338 0.006
338 0.007
338 0.003
339 0.005
339 0.007
339 0.002
340 0.005
340 0.008
340 0.003
341 0.005
341 0.008
341 0.003
342 0.005
342 0.007
342 0.003
343 0.006
343 0.007
343 0.003
344 0.005
344 0.008
344 0.003
345 0.006
345 0.007
345 0.003
346 0.006
346 0.007
346 0.003
347 0.006
347 0.008
347 0.003
348 0.006
348 0.008
348 0.003
349 0.007
349 0.007
349 0.003
350 0.006
350 0.008
350 0.004
351 0.005
351 0.008
351 0.003
352 0.005
352 0.008
352 0.004
353 0.006
353 0.008
353 0.003
354 0.005
354 0.008
354 0.003
355 0.006
355 0.008
355 0.003
356 0.006
356 0.008
356 0.003
357 0.005
357 0.008
357 0.003
358 0.006
358 0.008
358 0.003
359 0.006
359 0.008
359 0.003
360 0.006
360 0.008
360 0.003
361 0.009
361 0.008
361 0.003
362 0.006
362 0.009
362 0.003
363 0.006
363 0.008
363 0.004
364 0.006
364 0.008
364 0.004
365 0.006
365 0.008
365 0.004
366 0.006
366 0.008
366 0.003
367 0.006
367 0.008
367 0.004
368 0.007
368 0.008
368 0.003
369 0.006
369 0.008
369 0.004
370 0.006
370 0.009
370 0.003
371 0.006
371 0.008
371 0.004
372 0.006
372 0.009
372 0.003
373 0.006
373 0.008
373 0.003
374 0.007
374 0.009
374 0.003
375 0.007
375 0.013
375 0.003
376 0.009
376 0.009
376 0.004
377 0.006
377 0.009
377 0.004
378 0.007
378 0.009
378 0.004
379 0.007
379 0.009
379 0.004
380 0.006
380 0.009
380 0.004
381 0.007
381 0.01
381 0.003
382 0.006
382 0.009
382 0.004
383 0.006
383 0.009
383 0.004
384 0.007
384 0.01
384 0.004
385 0.007
385 0.009
385 0.004
386 0.006
386 0.009
386 0.004
387 0.007
387 0.01
387 0.004
388 0.007
388 0.009
388 0.005
389 0.017
389 0.012
389 0.004
390 0.007
390 0.01
390 0.004
391 0.009
391 0.01
391 0.005
392 0.007
392 0.009
392 0.004
393 0.007
393 0.01
393 0.004
394 0.007
394 0.01
394 0.004
395 0.007
395 0.01
395 0.004
396 0.007
396 0.01
396 0.004
397 0.007
397 0.01
397 0.004
398 0.007
398 0.01
398 0.004
399 0.008
399 0.01
399 0.004
400 0.008
400 0.01
400 0.004
401 0.007
401 0.01
401 0.005
402 0.007
402 0.01
402 0.004
403 0.007
403 0.01
403 0.004
404 0.008
404 0.011
404 0.004
405 0.008
405 0.01
405 0.004
406 0.007
406 0.011
406 0.004
407 0.008
407 0.011
407 0.004
408 0.007
408 0.014
408 0.006
409 0.021
409 0.011
409 0.004
410 0.008
410 0.012
410 0.004
411 0.007
411 0.011
411 0.005
412 0.008
412 0.011
412 0.004
413 0.008
413 0.012
413 0.005
414 0.008
414 0.012
414 0.004
415 0.008
415 0.011
415 0.004
416 0.007
416 0.012
416 0.006
417 0.007
417 0.011
417 0.004
418 0.008
418 0.012
418 0.005
419 0.008
419 0.011
419 0.004
420 0.008
420 0.01
420 0.005
421 0.008
421 0.012
421 0.005
422 0.008
422 0.011
422 0.004
423 0.008
423 0.011
423 0.004
424 0.008
424 0.016
424 0.005
425 0.008
425 0.013
425 0.005
426 0.008
426 0.011
426 0.005
427 0.008
427 0.011
427 0.005
428 0.009
428 0.011
428 0.004
429 0.009
429 0.013
429 0.004
430 0.008
430 0.011
430 0.005
431 0.008
431 0.011
431 0.005
432 0.009
432 0.012
432 0.005
433 0.009
433 0.012
433 0.005
434 0.008
434 0.011
434 0.005
435 0.008
435 0.012
435 0.004
436 0.008
436 0.012
436 0.005
437 0.009
437 0.012
437 0.005
438 0.009
438 0.013
438 0.005
439 0.009
439 0.012
439 0.006
440 0.009
440 0.013
440 0.006
441 0.009
441 0.013
441 0.005
442 0.009
442 0.013
442 0.005
443 0.01
443 0.012
443 0.005
444 0.009
444 0.014
444 0.005
445 0.015
445 0.015
445 0.005
446 0.009
446 0.014
446 0.005
447 0.009
447 0.013
447 0.005
448 0.009
448 0.017
448 0.005
449 0.009
449 0.014
449 0.005
450 0.011
450 0.02
450 0.006
451 0.009
451 0.013
451 0.005
452 0.009
452 0.014
452 0.005
453 0.01
453 0.015
453 0.005
454 0.01
454 0.015
454 0.008
455 0.009
455 0.013
455 0.006
456 0.009
456 0.014
456 0.005
457 0.01
457 0.013
457 0.005
458 0.009
458 0.013
458 0.005
459 0.01
459 0.014
459 0.005
460 0.009
460 0.013
460 0.005
461 0.009
461 0.014
461 0.006
462 0.009
462 0.013
462 0.006
463 0.01
463 0.013
463 0.005
464 0.01
464 0.014
464 0.005
465 0.01
465 0.014
465 0.005
466 0.01
466 0.014
466 0.007
467 0.009
467 0.014
467 0.006
468 0.009
468 0.014
468 0.006
469 0.01
469 0.014
469 0.005
470 0.01
470 0.015
470 0.005
471 0.01
471 0.014
471 0.006
472 0.01
472 0.014
472 0.005
473 0.01
473 0.017
473 0.006
474 0.009
474 0.014
474 0.006
475 0.01
475 0.014
475 0.006
476 0.01
476 0.016
476 0.006
477 0.01
477 0.02
477 0.006
478 0.01
478 0.014
478 0.005
479 0.011
479 0.018
479 0.006
480 0.011
480 0.014
480 0.005
481 0.01
481 0.014
481 0.005
482 0.01
482 0.016
482 0.006
483 0.01
483 0.015
483 0.006
484 0.011
484 0.014
484 0.006
485 0.011
485 0.016
485 0.006
486 0.01
486 0.014
486 0.007
487 0.01
487 0.015
487 0.006
488 0.011
488 0.016
488 0.006
489 0.011
489 0.014
489 0.006
490 0.01
490 0.015
490 0.006
491 0.011
491 0.02
491 0.006
492 0.011
492 0.015
492 0.007
493 0.011
493 0.015
493 0.006
494 0.011
494 0.023
494 0.007
495 0.011
495 0.015
495 0.006
496 0.011
496 0.015
496 0.006
497 0.017
497 0.025
497 0.006
498 0.011
498 0.015
498 0.007
499 0.011
499 0.015
499 0.007
500 0.011
500 0.015
500 0.006
501 0.012
501 0.015
501 0.006
502 0.011
502 0.015
502 0.007
503 0.012
503 0.016
503 0.006
504 0.011
504 0.022
504 0.01
505 0.012
505 0.017
505 0.006
506 0.012
506 0.016
506 0.006
507 0.014
507 0.017
507 0.007
508 0.012
508 0.017
508 0.007
509 0.012
509 0.016
509 0.007
510 0.011
510 0.016
510 0.006
511 0.012
511 0.017
511 0.006
512 0.012
512 0.019
512 0.007
513 0.011
513 0.017
513 0.006
514 0.012
514 0.016
514 0.006
515 0.012
515 0.016
515 0.006
516 0.012
516 0.017
516 0.007
517 0.011
517 0.017
517 0.007
518 0.012
518 0.017
518 0.009
519 0.012
519 0.016
519 0.006
520 0.014
520 0.017
520 0.006
521 0.012
521 0.016
521 0.007
522 0.012
522 0.017
522 0.007
523 0.012
523 0.017
523 0.006
524 0.012
524 0.017
524 0.007
525 0.013
525 0.017
525 0.007
526 0.013
526 0.017
526 0.007
527 0.013
527 0.017
527 0.007
528 0.012
528 0.02
528 0.007
529 0.014
529 0.018
529 0.007
530 0.013
530 0.018
530 0.007
531 0.013
531 0.018
531 0.007
532 0.012
532 0.018
532 0.007
533 0.013
533 0.018
533 0.008
534 0.013
534 0.018
534 0.008
535 0.013
535 0.018
535 0.007
536 0.012
536 0.018
536 0.007
537 0.013
537 0.017
537 0.007
538 0.013
538 0.018
538 0.007
539 0.014
539 0.019
539 0.007
540 0.013
540 0.018
540 0.007
541 0.013
541 0.018
541 0.007
542 0.014
542 0.018
542 0.007
543 0.013
543 0.018
543 0.007
544 0.014
544 0.018
544 0.008
545 0.013
545 0.019
545 0.007
546 0.013
546 0.019
546 0.008
547 0.013
547 0.019
547 0.007
548 0.014
548 0.019
548 0.008
549 0.014
549 0.019
549 0.008
550 0.013
550 0.019
550 0.007
551 0.013
551 0.019
551 0.007
552 0.013
552 0.019
552 0.008
553 0.013
553 0.019
553 0.008
554 0.015
554 0.02
554 0.008
555 0.014
555 0.019
555 0.007
556 0.014
556 0.019
556 0.008
557 0.014
557 0.019
557 0.008
558 0.014
558 0.02
558 0.008
559 0.014
559 0.019
559 0.008
560 0.014
560 0.02
560 0.007
561 0.015
561 0.019
561 0.008
562 0.014
562 0.02
562 0.008
563 0.016
563 0.02
563 0.008
564 0.014
564 0.019
564 0.009
565 0.015
565 0.019
565 0.008
566 0.015
566 0.02
566 0.008
567 0.014
567 0.02
567 0.009
568 0.015
568 0.02
568 0.008
569 0.015
569 0.02
569 0.008
570 0.015
570 0.02
570 0.008
571 0.015
571 0.02
571 0.009
572 0.015
572 0.023
572 0.008
573 0.015
573 0.02
573 0.008
574 0.015
574 0.02
574 0.009
575 0.014
575 0.021
575 0.009
576 0.024
576 0.02
576 0.009
577 0.015
577 0.021
577 0.008
578 0.015
578 0.021
578 0.009
579 0.015
579 0.021
579 0.009
580 0.015
580 0.021
580 0.009
581 0.016
581 0.021
581 0.008
582 0.015
582 0.023
582 0.009
583 0.016
583 0.026
583 0.009
584 0.016
584 0.026
584 0.008
585 0.015
585 0.022
585 0.008
586 0.015
586 0.027
586 0.009
587 0.016
587 0.021
587 0.008
588 0.02
588 0.023
588 0.008
589 0.016
589 0.021
589 0.009
590 0.016
590 0.024
590 0.009
591 0.015
591 0.021
591 0.009
592 0.016
592 0.032
592 0.008
593 0.016
593 0.021
593 0.009
594 0.015
594 0.024
594 0.009
595 0.016
595 0.022
595 0.009
596 0.016
596 0.022
596 0.01
597 0.015
597 0.022
597 0.009
598 0.016
598 0.023
598 0.009
599 0.016
599 0.023
599 0.009
600 0.016
600 0.025
600 0.01
601 0.016
601 0.022
601 0.009
602 0.016
602 0.025
602 0.009
603 0.017
603 0.023
603 0.009
604 0.016
604 0.026
604 0.01
605 0.016
605 0.023
605 0.009
606 0.017
606 0.026
606 0.009
607 0.016
607 0.023
607 0.009
608 0.017
608 0.022
608 0.009
609 0.017
609 0.023
609 0.009
610 0.016
610 0.027
610 0.01
611 0.017
611 0.023
611 0.01
612 0.017
612 0.024
612 0.009
613 0.017
613 0.023
613 0.009
614 0.018
614 0.024
614 0.01
615 0.017
615 0.024
615 0.01
616 0.017
616 0.024
616 0.01
617 0.018
617 0.023
617 0.01
618 0.018
618 0.027
618 0.01
619 0.018
619 0.023
619 0.01
620 0.018
620 0.024
620 0.009
621 0.018
621 0.024
621 0.01
622 0.022
622 0.027
622 0.009
623 0.018
623 0.024
623 0.01
624 0.018
624 0.025
624 0.01
625 0.017
625 0.024
625 0.01
626 0.021
626 0.024
626 0.01
627 0.017
627 0.024
627 0.01
628 0.018
628 0.025
628 0.01
629 0.019
629 0.024
629 0.01
630 0.019
630 0.025
630 0.01
631 0.018
631 0.024
631 0.01
632 0.017
632 0.025
632 0.01
633 0.018
633 0.027
633 0.01
634 0.018
634 0.025
634 0.01
635 0.018
635 0.026
635 0.01
636 0.018
636 0.025
636 0.01
637 0.018
637 0.025
637 0.011
638 0.018
638 0.025
638 0.01
639 0.018
639 0.026
639 0.01
640 0.018
640 0.026
640 0.01
641 0.018
641 0.027
641 0.01
642 0.019
642 0.026
642 0.011
643 0.018
643 0.026
643 0.011
644 0.018
644 0.026
644 0.011
645 0.019
645 0.026
645 0.01
646 0.019
646 0.026
646 0.011
647 0.019
647 0.027
647 0.011
648 0.019
648 0.026
648 0.011
649 0.019
649 0.026
649 0.011
650 0.019
650 0.026
650 0.011
651 0.019
651 0.027
651 0.011
652 0.022
652 0.027
652 0.011
653 0.019
653 0.027
653 0.011
654 0.019
654 0.027
654 0.011
655 0.019
655 0.029
655 0.011
656 0.02
656 0.027
656 0.011
657 0.019
657 0.027
657 0.011
658 0.02
658 0.026
658 0.011
659 0.019
659 0.028
659 0.011
660 0.019
660 0.027
660 0.011
661 0.019
661 0.029
661 0.011
662 0.02
662 0.027
662 0.011
663 0.02
663 0.028
663 0.011
664 0.019
664 0.027
664 0.011
665 0.02
665 0.028
665 0.012
666 0.02
666 0.028
666 0.012
667 0.019
667 0.028
667 0.012
668 0.02
668 0.027
668 0.012
669 0.022
669 0.028
669 0.012
670 0.02
670 0.028
670 0.012
671 0.02
671 0.028
671 0.011
672 0.02
672 0.028
672 0.012
673 0.023
673 0.029
673 0.012
674 0.021
674 0.028
674 0.012
675 0.02
675 0.028
675 0.012
676 0.02
676 0.028
676 0.012
677 0.02
677 0.028
677 0.012
678 0.021
678 0.029
678 0.012
679 0.022
679 0.029
679 0.012
680 0.02
680 0.029
680 0.012
681 0.021
681 0.029
681 0.012
682 0.02
682 0.029
682 0.012
683 0.021
683 0.029
683 0.012
684 0.021
684 0.029
684 0.012
685 0.021
685 0.029
685 0.012
686 0.022
686 0.029
686 0.012
687 0.021
687 0.029
687 0.013
688 0.021
688 0.03
688 0.012
689 0.021
689 0.029
689 0.012
690 0.021
690 0.03
690 0.012
691 0.024
691 0.029
691 0.012
692 0.021
692 0.03
692 0.013
693 0.022
693 0.03
693 0.012
694 0.021
694 0.03
694 0.012
695 0.022
695 0.03
695 0.013
696 0.022
696 0.03
696 0.012
697 0.022
697 0.03
697 0.012
698 0.022
698 0.03
698 0.012
699 0.024
699 0.03
699 0.012
700 0.022
700 0.03
700 0.012
701 0.022
701 0.032
701 0.012
702 0.022
702 0.031
702 0.013
703 0.023
703 0.03
703 0.012
704 0.022
704 0.031
704 0.012
705 0.023
705 0.031
705 0.013
706 0.022
706 0.032
706 0.012
707 0.022
707 0.031
707 0.012
708 0.023
708 0.031
708 0.012
709 0.022
709 0.031
709 0.012
710 0.023
710 0.031
710 0.012
711 0.023
711 0.032
711 0.013
712 0.023
712 0.031
712 0.013
713 0.023
713 0.032
713 0.013
714 0.023
714 0.032
714 0.013
715 0.025
715 0.032
715 0.013
716 0.023
716 0.032
716 0.012
717 0.025
717 0.032
717 0.013
718 0.023
718 0.032
718 0.013
719 0.023
719 0.032
719 0.014
720 0.023
720 0.032
720 0.014
721 0.024
721 0.032
721 0.013
722 0.024
722 0.032
722 0.013
723 0.023
723 0.034
723 0.013
724 0.024
724 0.033
724 0.013
725 0.024
725 0.033
725 0.013
726 0.024
726 0.033
726 0.014
727 0.025
727 0.033
727 0.014
728 0.023
728 0.033
728 0.013
729 0.024
729 0.033
729 0.014
730 0.024
730 0.033
730 0.014
731 0.033
731 0.033
731 0.013
732 0.024
732 0.033
732 0.014
733 0.025
733 0.033
733 0.014
734 0.024
734 0.034
734 0.013
735 0.024
735 0.034
735 0.014
736 0.024
736 0.034
736 0.013
737 0.024
737 0.034
737 0.014
738 0.025
738 0.034
738 0.014
739 0.024
739 0.034
739 0.014
740 0.025
740 0.034
740 0.014
741 0.027
741 0.035
741 0.014
742 0.024
742 0.034
742 0.014
743 0.025
743 0.038
743 0.014
744 0.025
744 0.034
744 0.014
745 0.025
745 0.035
745 0.013
746 0.026
746 0.035
746 0.014
747 0.025
747 0.034
747 0.014
748 0.026
748 0.035
748 0.014
749 0.026
749 0.035
749 0.014
750 0.025
750 0.035
750 0.015
751 0.026
751 0.035
751 0.014
752 0.025
752 0.036
752 0.015
753 0.026
753 0.035
753 0.015
754 0.025
754 0.036
754 0.015
755 0.025
755 0.036
755 0.015
756 0.025
756 0.035
756 0.015
757 0.033
757 0.036
757 0.014
758 0.026
758 0.036
758 0.014
759 0.028
759 0.035
759 0.014
760 0.026
760 0.036
760 0.015
761 0.026
761 0.036
761 0.015
762 0.026
762 0.036
762 0.015
763 0.029
763 0.036
763 0.015
764 0.026
764 0.037
764 0.014
765 0.026
765 0.037
765 0.015
766 0.025
766 0.036
766 0.015
767 0.028
767 0.038
767 0.015
768 0.027
768 0.036
768 0.016
769 0.027
769 0.037
769 0.015
770 0.026
770 0.037
770 0.014
771 0.027
771 0.036
771 0.015
772 0.027
772 0.037
772 0.015
773 0.026
773 0.038
773 0.015
774 0.027
774 0.037
774 0.015
775 0.027
775 0.037
775 0.015
776 0.027
776 0.037
776 0.015
777 0.027
777 0.038
777 0.015
778 0.028
778 0.038
778 0.014
779 0.027
779 0.038
779 0.015
780 0.027
780 0.037
780 0.015
781 0.027
781 0.038
781 0.016
782 0.028
782 0.039
782 0.015
783 0.027
783 0.038
783 0.015
784 0.028
784 0.038
784 0.015
785 0.027
785 0.038
785 0.015
786 0.027
786 0.04
786 0.015
787 0.027
787 0.039
787 0.015
788 0.028
788 0.039
788 0.015
789 0.028
789 0.039
789 0.015
790 0.028
790 0.038
790 0.016
791 0.033
791 0.039
791 0.015
792 0.029
792 0.039
792 0.016
793 0.029
793 0.04
793 0.015
794 0.028
794 0.039
794 0.025
795 0.029
795 0.04
795 0.015
796 0.028
796 0.04
796 0.016
797 0.029
797 0.04
797 0.016
798 0.028
798 0.04
798 0.016
799 0.029
799 0.039
799 0.015
800 0.029
800 0.041
800 0.016
801 0.031
801 0.04
801 0.015
802 0.028
802 0.039
802 0.016
803 0.029
803 0.04
803 0.017
804 0.03
804 0.04
804 0.016
805 0.031
805 0.041
805 0.015
806 0.028
806 0.041
806 0.016
807 0.029
807 0.04
807 0.018
808 0.029
808 0.041
808 0.016
809 0.03
809 0.04
809 0.017
810 0.028
810 0.045
810 0.017
811 0.03
811 0.041
811 0.017
812 0.03
812 0.04
812 0.017
813 0.03
813 0.041
813 0.016
814 0.031
814 0.042
814 0.016
815 0.03
815 0.041
815 0.016
816 0.033
816 0.041
816 0.016
817 0.03
817 0.042
817 0.016
818 0.031
818 0.042
818 0.016
819 0.031
819 0.043
819 0.016
820 0.03
820 0.042
820 0.016
821 0.03
821 0.043
821 0.016
822 0.03
822 0.042
822 0.016
823 0.035
823 0.042
823 0.016
824 0.03
824 0.043
824 0.017
825 0.031
825 0.043
825 0.017
826 0.031
826 0.042
826 0.017
827 0.036
827 0.043
827 0.017
828 0.032
828 0.043
828 0.016
829 0.033
829 0.042
829 0.017
830 0.031
830 0.043
830 0.017
831 0.031
831 0.046
831 0.021
832 0.031
832 0.043
832 0.019
833 0.031
833 0.043
833 0.017
834 0.036
834 0.045
834 0.017
835 0.037
835 0.054
835 0.022
836 0.041
836 0.044
836 0.016
837 0.032
837 0.049
837 0.018
838 0.073
838 0.053
838 0.02
839 0.032
839 0.057
839 0.018
840 0.038
840 0.064
840 0.018
841 0.031
841 0.046
841 0.034
842 0.042
842 0.047
842 0.018
843 0.047
843 0.046
843 0.019
844 0.039
844 0.049
844 0.018
845 0.033
845 0.06
845 0.02
846 0.052
846 0.055
846 0.026
847 0.069
847 0.078
847 0.025
848 0.046
848 0.061
848 0.024
849 0.046
849 0.069
849 0.022
850 0.033
850 0.055
850 0.027
851 0.044
851 0.047
851 0.018
852 0.04
852 0.064
852 0.025
853 0.042
853 0.045
853 0.026
854 0.033
854 0.065
854 0.02
855 0.04
855 0.046
855 0.018
856 0.036
856 0.047
856 0.019
857 0.042
857 0.05
857 0.017
858 0.045
858 0.05
858 0.02
859 0.034
859 0.045
859 0.021
860 0.034
860 0.053
860 0.018
861 0.034
861 0.047
861 0.019
862 0.034
862 0.046
862 0.018
863 0.033
863 0.047
863 0.019
864 0.038
864 0.049
864 0.019
865 0.034
865 0.047
865 0.019
866 0.035
866 0.047
866 0.021
867 0.036
867 0.048
867 0.018
868 0.033
868 0.051
868 0.018
869 0.035
869 0.047
869 0.019
870 0.035
870 0.053
870 0.019
871 0.034
871 0.048
871 0.018
872 0.033
872 0.047
872 0.025
873 0.034
873 0.053
873 0.021
874 0.034
874 0.048
874 0.019
875 0.034
875 0.048
875 0.02
876 0.035
876 0.048
876 0.019
877 0.035
877 0.053
877 0.019
878 0.035
878 0.049
878 0.02
879 0.035
879 0.049
879 0.02
880 0.035
880 0.053
880 0.018
881 0.035
881 0.048
881 0.019
882 0.035
882 0.053
882 0.019
883 0.035
883 0.048
883 0.019
884 0.035
884 0.05
884 0.022
885 0.035
885 0.05
885 0.019
886 0.041
886 0.05
886 0.02
887 0.035
887 0.052
887 0.02
888 0.036
888 0.05
888 0.021
889 0.036
889 0.05
889 0.02
890 0.037
890 0.054
890 0.021
891 0.035
891 0.053
891 0.019
892 0.036
892 0.051
892 0.019
893 0.035
893 0.052
893 0.021
894 0.036
894 0.049
894 0.019
895 0.036
895 0.05
895 0.019
896 0.036
896 0.051
896 0.029
897 0.037
897 0.051
897 0.019
898 0.043
898 0.052
898 0.025
899 0.038
899 0.051
899 0.02
900 0.036
900 0.05
900 0.02
901 0.036
901 0.052
901 0.021
902 0.037
902 0.051
902 0.02
903 0.037
903 0.037
903 0.051
903 0.02
904 0.036
904 0.051
904 0.021
905 0.037
905 0.051
905 0.02
906 0.037
906 0.051
906 0.021
907 0.037
907 0.052
907 0.023
908 0.038
908 0.051
908 0.022
909 0.037
909 0.052
909 0.021
910 0.038
910 0.052
910 0.02
911 0.038
911 0.052
911 0.021
912 0.04
912 0.069
912 0.021
913 0.037
913 0.058
913 0.02
914 0.039
914 0.052
914 0.021
915 0.038
915 0.053
915 0.02
916 0.043
916 0.052
916 0.021
917 0.038
917 0.053
917 0.021
918 0.041
918 0.053
918 0.02
919 0.038
919 0.053
919 0.02
920 0.044
920 0.053
920 0.021
921 0.038
921 0.054
921 0.022
922 0.058
922 0.08
922 0.029
923 0.039
923 0.053
923 0.022
924 0.038
924 0.054
924 0.021
925 0.038
925 0.054
925 0.022
926 0.041
926 0.054
926 0.021
927 0.053
927 0.054
927 0.022
928 0.039
928 0.053
928 0.021
929 0.039
929 0.054
929 0.021
930 0.04
930 0.054
930 0.022
931 0.04
931 0.055
931 0.022
932 0.039
932 0.055
932 0.021
933 0.04
933 0.054
933 0.022
934 0.039
934 0.054
934 0.022
935 0.042
935 0.056
935 0.021
936 0.045
936 0.054
936 0.021
937 0.04
937 0.055
937 0.022
938 0.039
938 0.055
938 0.021
939 0.04
939 0.056
939 0.022
940 0.041
940 0.056
940 0.022
941 0.041
941 0.055
941 0.022
942 0.039
942 0.056
942 0.027
943 0.041
943 0.056
943 0.021
944 0.04
944 0.056
944 0.021
945 0.04
945 0.06
945 0.022
946 0.041
946 0.056
946 0.022
947 0.041
947 0.056
947 0.023
948 0.041
948 0.056
948 0.022
949 0.044
949 0.057
949 0.023
950 0.041
950 0.061
950 0.022
951 0.041
951 0.056
951 0.031
952 0.042
952 0.057
952 0.023
953 0.04
953 0.057
953 0.023
954 0.041
954 0.057
954 0.022
955 0.042
955 0.058
955 0.023
956 0.044
956 0.058
956 0.022
957 0.042
957 0.057
957 0.022
958 0.041
958 0.058
958 0.022
959 0.045
959 0.057
959 0.023
960 0.042
960 0.058
960 0.023
961 0.043
961 0.059
961 0.023
962 0.043
962 0.059
962 0.023
963 0.042
963 0.061
963 0.023
964 0.043
964 0.058
964 0.023
965 0.042
965 0.059
965 0.023
966 0.042
966 0.06
966 0.034
967 0.042
967 0.06
967 0.025
968 0.043
968 0.059
968 0.027
969 0.043
969 0.059
969 0.029
970 0.042
970 0.064
970 0.023
971 0.045
971 0.06
971 0.023
972 0.045
972 0.06
972 0.023
973 0.043
973 0.059
973 0.028
974 0.046
974 0.059
974 0.024
975 0.053
975 0.06
975 0.023
976 0.046
976 0.063
976 0.032
977 0.044
977 0.061
977 0.036
978 0.057
978 0.061
978 0.023
979 0.045
979 0.076
979 0.036
980 0.043
980 0.07
980 0.031
981 0.068
981 0.084
981 0.034
982 0.047
982 0.062
982 0.036
983 0.045
983 0.061
983 0.033
984 0.047
984 0.1
984 0.028
985 0.054
985 0.117
985 0.035
986 0.048
986 0.065
986 0.039
987 0.047
987 0.084
987 0.037
988 0.057
988 0.073
988 0.03
989 0.044
989 0.063
989 0.026
990 0.044
990 0.062
