100 0.002
100 0.002
100 0.001
200 0.003
200 0.004
200 0.001
300 0.005
300 0.007
300 0.003
0 0.001
0 0.001
0 0.001
0 0.002
1 0.018
1 0.002
1 0.004
2 0.002
2 0.002
2 0.001
3 0.016
3 0.004
3 0.002
4 0.003
4 0.006
4 0.001
5 0.001
5 0.002
5 0.001
6 0.001
6 0.001
6 0.001
7 0.001
7 0.002
7 0.001
8 0.001
8 0.002
8 0.002
9 0.002
9 0.002
9 0.002
10 0.003
10 0.002
10 0.002
11 0.002
11 0.003
11 0.001
12 0.003
12 0.003
12 0.001
13 0.002
13 0.002
13 0.001
1 0.002
1 0.001
1 0.003
2 0.002
2 0.002
2 0.001
3 0.003
3 0.003
3 0.002
4 0.001
4 0.002
4 0.001
5 0.001
5 0.002
5 0.001
6 0.002
6 0.002
6 0.003
7 0.001
7 0.002
7 0.003
8 0.003
8 0.004
8 0.001
9 0.002
9 0.001
9 0.002
10 0.003
10 0.002
10 0.004
11 0.002
11 0.002
11 0.002
12 0.002
12 0.001
12 0.002
13 0.002
13 0.002
13 0.004
14 0.002
14 0.001
14 0.001
15 0.001
15 0.001
15 0.003
16 0.002
16 0.002
16 0.001
17 0.001
17 0.002
17 0.002
18 0.002
18 0.001
18 0.002
19 0.002
19 0.002
19 0.001
20 0.003
20 0.002
20 0.004
21 0.002
21 0.001
21 0.002
22 0.002
22 0.001
22 0.001
23 0.002
23 0.002
23 0.002
24 0.002
24 0.002
24 0.002
25 0.003
25 0.002
25 0.001
26 0.004
26 0.003
26 0.003
27 0.002
27 0.003
27 0.001
28 0.003
28 0.003
28 0.002
29 0.003
29 0.002
29 0.002
30 0.001
30 0.002
30 0.001
31 0.004
31 0.001
31 0.002
32 0.002
32 0.002
32 0.003
33 0.002
33 0.004
33 0.002
34 0.004
34 0.003
34 0.002
35 0.001
35 0.001
35 0.003
36 0.001
36 0.002
36 0.002
37 0.002
37 0.004
37 0.002
38 0.001
38 0.002
38 0.002
1 0.001
1 0.002
1 0.003
2 0.002
2 0.003
2 0.002
3 0.001
3 0.001
3 0.004
4 0.002
4 0.002
4 0.002
5 0.002
5 0.002
5 0.001
6 0.003
6 0.001
6 0.002
7 0.002
7 0.003
7 0.003
8 0.002
8 0.001
8 0.002
9 0.002
9 0.001
9 0.002
10 0.003
10 0.002
10 0.002
11 0.002
11 0.002
11 0.001
12 0.004
12 0.002
12 0.003
13 0.001
13 0.001
13 0.003
14 0.001
14 0.002
14 0.004
15 0.002
15 0.002
15 0.002
16 0.002
16 0.002
16 0.002
17 0.002
17 0.001
17 0.001
18 0.002
18 0.001
18 0.001
19 0.006
19 0.001
19 0.002
20 0.004
20 0.002
20 0.003
21 0.002
21 0.002
21 0.003
22 0.004
22 0.002
22 0.002
23 0.002
23 0.003
23 0.002
24 0.003
24 0.003
24 0.002
25 0.003
25 0.002
25 0.001
26 0.001
26 0.001
26 0.002
27 0.002
27 0.001
27 0.003
28 0.002
28 0.002
28 0.002
29 0.002
29 0.003
29 0.001
30 0.002
30 0.002
30 0.001
31 0.002
31 0.004
31 0.002
32 0.002
32 0.001
32 0.002
33 0.004
33 0.002
33 0.001
34 0.002
34 0.003
34 0.001
35 0.001
35 0.002
35 0.002
36 0.001
36 0.002
36 0.001
37 0.004
37 0.002
37 0.001
38 0.003
38 0.002
38 0.002
39 0.001
39 0.002
39 0.004
40 0.005
40 0.001
40 0.003
41 0.001
41 0.002
41 0.002
42 0.002
42 0.002
42 0.001
43 0.002
43 0.002
43 0.002
44 0.002
44 0.002
44 0.004
45 0.001
45 0.002
45 0.003
46 0.001
46 0.002
46 0.002
47 0.002
47 0.002
47 0.003
48 0.002
48 0.001
48 0.002
49 0.002
49 0.002
49 0.001
50 0.002
50 0.002
50 0.001
51 0.002
51 0.002
51 0.003
52 0.003
52 0.011
52 0.003
53 0.003
53 0.002
53 0.001
54 0.001
54 0.002
54 0.002
55 0.002
55 0.002
55 0.001
56 0.002
56 0.003
56 0.001
57 0.004
57 0.003
57 0.002
58 0.003
58 0.002
58 0.001
59 0.002
59 0.002
59 0.001
60 0.004
60 0.002
60 0.001
61 0.002
61 0.002
61 0.001
62 0.002
62 0.003
62 0.001
63 0.002
63 0.004
63 0.002
64 0.002
64 0.002
64 0.001
65 0.003
65 0.006
65 0.002
66 0.002
66 0.002
66 0.002
67 0.003
67 0.002
67 0.001
68 0.002
68 0.001
68 0.001
69 0.002
69 0.002
69 0.003
70 0.004
70 0.002
70 0.002
71 0.002
71 0.002
71 0.002
72 0.002
72 0.002
72 0.002
73 0.002
73 0.003
73 0.002
74 0.002
74 0.003
74 0.002
75 0.002
75 0.002
75 0.001
76 0.004
76 0.002
76 0.002
77 0.003
77 0.002
77 0.002
78 0.003
78 0.002
78 0.001
79 0.002
79 0.002
79 0.002
80 0.002
80 0.002
80 0.001
81 0.003
81 0.002
81 0.002
82 0.002
82 0.002
82 0.001
83 0.002
83 0.002
83 0.001
84 0.001
84 0.002
84 0.002
85 0.004
85 0.002
85 0.002
86 0.003
86 0.002
86 0.002
87 0.003
87 0.002
87 0.001
88 0.002
88 0.003
88 0.002
89 0.001
89 0.002
89 0.001
90 0.003
90 0.002
90 0.003
91 0.002
91 0.001
91 0.001
92 0.002
92 0.002
92 0.003
93 0.002
93 0.002
93 0.001
94 0.002
94 0.002
94 0.002
95 0.002
95 0.002
95 0.003
96 0.002
96 0.001
96 0.002
97 0.002
97 0.002
97 0.002
98 0.002
98 0.003
98 0.001
99 0.002
99 0.003
99 0.001
100 0.003
100 0.003
100 0.002
101 0.002
101 0.003
101 0.002
102 0.002
102 0.002
102 0.001
103 0.002
103 0.002
103 0.002
104 0.004
104 0.003
104 0.002
105 0.002
105 0.003
105 0.002
106 0.002
106 0.004
106 0.002
107 0.001
107 0.002
107 0.002
108 0.003
108 0.002
108 0.002
109 0.001
109 0.006
109 0.002
110 0.002
110 0.003
110 0.003
111 0.002
111 0.002
111 0.003
112 0.002
112 0.005
112 0.001
113 0.002
113 0.003
113 0.002
114 0.002
114 0.003
114 0.003
115 0.002
115 0.003
115 0.001
116 0.002
116 0.003
116 0.001
117 0.004
117 0.003
117 0.002
118 0.001
118 0.002
118 0.001
119 0.004
119 0.003
119 0.003
120 0.004
120 0.003
120 0.001
121 0.003
121 0.004
121 0.004
122 0.002
122 0.003
122 0.002
123 0.002
123 0.003
123 0.002
124 0.004
124 0.003
124 0.002
125 0.006
125 0.003
125 0.001
126 0.002
126 0.002
126 0.001
127 0.002
127 0.003
127 0.001
128 0.002
128 0.004
128 0.001
129 0.002
129 0.003
129 0.003
130 0.002
130 0.004
130 0.002
131 0.003
131 0.002
131 0.001
132 0.002
132 0.003
132 0.001
133 0.003
133 0.003
133 0.001
134 0.002
134 0.003
134 0.003
135 0.001
135 0.005
135 0.002
136 0.005
136 0.003
136 0.002
137 0.002
137 0.004
137 0.001
138 0.003
138 0.004
138 0.002
139 0.006
139 0.003
139 0.002
140 0.002
140 0.003
140 0.003
141 0.002
141 0.002
141 0.002
142 0.003
142 0.002
142 0.002
143 0.003
143 0.004
143 0.001
144 0.003
144 0.003
144 0.002
145 0.003
145 0.004
145 0.001
146 0.002
146 0.003
146 0.003
147 0.002
147 0.003
147 0.002
148 0.003
148 0.004
148 0.002
149 0.002
149 0.003
149 0.001
150 0.003
150 0.003
150 0.002
151 0.002
151 0.004
151 0.003
152 0.003
152 0.003
152 0.001
153 0.002
153 0.003
153 0.002
154 0.002
154 0.003
154 0.003
155 0.004
155 0.003
155 0.002
156 0.002
156 0.004
156 0.001
157 0.003
157 0.004
157 0.001
158 0.003
158 0.003
158 0.003
159 0.002
159 0.003
159 0.002
160 0.003
160 0.004
160 0.002
161 0.005
161 0.003
161 0.001
162 0.003
162 0.003
162 0.002
163 0.003
163 0.003
163 0.002
164 0.002
164 0.004
164 0.002
165 0.003
165 0.004
165 0.002
166 0.003
166 0.003
166 0.002
167 0.003
167 0.004
167 0.002
168 0.002
168 0.005
168 0.002
169 0.002
169 0.005
169 0.001
170 0.002
170 0.003
170 0.001
171 0.003
171 0.004
171 0.001
172 0.003
172 0.003
172 0.002
173 0.004
173 0.003
173 0.003
174 0.002
174 0.004
174 0.001
175 0.002
175 0.004
175 0.002
176 0.004
176 0.004
176 0.003
177 0.004
177 0.004
177 0.003
178 0.002
178 0.004
178 0.002
179 0.003
179 0.004
179 0.003
180 0.003
180 0.004
180 0.002
181 0.002
181 0.003
181 0.002
182 0.003
182 0.004
182 0.002
183 0.004
183 0.004
183 0.002
184 0.004
184 0.003
184 0.002
185 0.003
185 0.005
185 0.002
186 0.003
186 0.003
186 0.002
187 0.003
187 0.004
187 0.001
188 0.002
188 0.004
188 0.001
189 0.003
189 0.004
189 0.003
190 0.003
190 0.004
190 0.002
191 0.002
191 0.005
191 0.002
192 0.003
192 0.004
192 0.002
193 0.003
193 0.003
193 0.002
194 0.003
194 0.003
194 0.003
195 0.003
195 0.004
195 0.001
196 0.004
196 0.004
196 0.003
197 0.003
197 0.005
197 0.002
198 0.003
198 0.004
198 0.002
199 0.003
199 0.004
199 0.001
200 0.002
200 0.004
200 0.002
201 0.003
201 0.005
201 0.002
202 0.004
202 0.004
202 0.002
203 0.003
203 0.004
203 0.001
204 0.003
204 0.004
204 0.002
205 0.004
205 0.004
205 0.002
206 0.004
206 0.004
206 0.002
207 0.003
207 0.004
207 0.004
208 0.003
208 0.005
208 0.001
209 0.003
209 0.004
209 0.002
210 0.003
210 0.004
210 0.001
211 0.003
211 0.004
211 0.003
212 0.002
212 0.005
212 0.002
213 0.003
213 0.004
213 0.001
214 0.003
214 0.005
214 0.002
215 0.003
215 0.004
215 0.001
216 0.003
216 0.006
216 0.004
217 0.003
217 0.004
217 0.001
218 0.002
218 0.005
218 0.001
219 0.004
219 0.004
219 0.001
220 0.003
220 0.004
220 0.001
221 0.003
221 0.005
221 0.002
222 0.003
222 0.005
222 0.001
223 0.003
223 0.005
223 0.003
224 0.004
224 0.005
224 0.003
225 0.004
225 0.005
225 0.001
226 0.003
226 0.005
226 0.004
227 0.002
227 0.006
227 0.002
228 0.004
228 0.005
228 0.003
229 0.004
229 0.005
229 0.001
230 0.003
230 0.005
230 0.002
231 0.003
231 0.004
231 0.002
232 0.003
232 0.005
232 0.002
233 0.003
233 0.004
233 0.001
234 0.003
234 0.005
234 0.002
235 0.003
235 0.005
235 0.001
236 0.003
236 0.005
236 0.001
237 0.003
237 0.005
237 0.002
238 0.004
238 0.004
238 0.002
239 0.004
239 0.005
239 0.001
240 0.003
240 0.005
240 0.002
241 0.004
241 0.006
241 0.002
242 0.004
242 0.006
242 0.003
243 0.003
243 0.005
243 0.002
244 0.004
244 0.005
244 0.001
245 0.003
245 0.005
245 0.002
246 0.004
246 0.005
246 0.002
247 0.004
247 0.005
247 0.002
248 0.003
248 0.006
248 0.001
249 0.004
249 0.006
249 0.001
250 0.003
250 0.006
250 0.004
251 0.004
251 0.006
251 0.001
252 0.004
252 0.005
252 0.002
253 0.004
253 0.005
253 0.002
254 0.004
254 0.006
254 0.003
255 0.004
255 0.005
255 0.002
256 0.004
256 0.006
256 0.002
257 0.004
257 0.006
257 0.001
258 0.003
258 0.007
258 0.002
259 0.003
259 0.006
259 0.001
260 0.004
260 0.008
260 0.004
261 0.003
261 0.008
261 0.003
262 0.004
262 0.006
262 0.001
263 0.003
263 0.006
263 0.002
264 0.004
264 0.006
264 0.002
265 0.004
265 0.006
265 0.002
266 0.004
266 0.006
266 0.002
267 0.004
267 0.006
267 0.004
268 0.004
268 0.006
268 0.001
269 0.004
269 0.007
269 0.003
270 0.004
270 0.006
270 0.002
271 0.004
271 0.006
271 0.002
280 0.006
280 0.007
280 0.002
281 0.005
281 0.007
281 0.003
282 0.004
282 0.006
282 0.002
280 0.004
280 0.007
280 0.003
281 0.004
281 0.008
281 0.002
282 0.004
282 0.007
282 0.001
283 0.004
283 0.007
283 0.002
284 0.003
284 0.007
284 0.002
285 0.006
285 0.006
285 0.001
286 0.005
286 0.007
286 0.002
287 0.004
287 0.008
287 0.002
288 0.005
288 0.006
288 0.002
289 0.004
289 0.007
289 0.002
290 0.004
290 0.007
290 0.003
291 0.004
291 0.008
291 0.003
292 0.004
292 0.007
292 0.003
293 0.004
293 0.007
293 0.002
294 0.005
294 0.008
294 0.002
295 0.004
295 0.007
295 0.002
296 0.004
296 0.008
296 0.002
297 0.007
297 0.007
297 0.002
298 0.005
298 0.007
298 0.002
299 0.005
299 0.007
299 0.002
300 0.005
300 0.007
300 0.003
301 0.006
301 0.007
301 0.003
302 0.007
302 0.007
302 0.002
303 0.004
303 0.007
303 0.001
304 0.005
304 0.007
304 0.004
305 0.004
305 0.008
305 0.002
306 0.005
306 0.008
306 0.002
307 0.005
307 0.008
307 0.002
308 0.007
308 0.009
308 0.003
309 0.005
309 0.008
309 0.003
310 0.004
310 0.008
310 0.004
311 0.005
311 0.008
311 0.002
312 0.005
312 0.008
312 0.002
313 0.004
313 0.008
313 0.002
314 0.004
314 0.007
314 0.002
315 0.005
315 0.008
315 0.002
316 0.005
316 0.009
316 0.002
317 0.005
317 0.008
317 0.002
318 0.005
318 0.009
318 0.002
319 0.005
319 0.008
319 0.001
320 0.005
320 0.008
320 0.002
321 0.007
321 0.008
321 0.002
322 0.005
322 0.009
322 0.001
323 0.005
323 0.007
323 0.002
324 0.005
324 0.008
324 0.002
325 0.006
325 0.008
325 0.002
326 0.005
326 0.009
326 0.002
327 0.006
327 0.008
327 0.001
328 0.005
328 0.009
328 0.001
329 0.005
329 0.009
329 0.002
330 0.005
330 0.008
330 0.002
331 0.005
331 0.009
331 0.002
332 0.005
332 0.009
332 0.002
333 0.005
333 0.008
333 0.004
334 0.004
334 0.009
334 0.002
335 0.005
335 0.008
335 0.002
336 0.005
336 0.009
336 0.002
337 0.006
337 0.009
337 0.002
338 0.006
338 0.008
338 0.003
339 0.005
339 0.009
339 0.001
340 0.006
340 0.009
340 0.002
341 0.006
341 0.009
341 0.003
342 0.006
342 0.009
342 0.002
343 0.005
343 0.009
343 0.001
344 0.007
344 0.009
344 0.002
345 0.005
345 0.01
345 0.003
346 0.007
346 0.009
346 0.002
347 0.007
347 0.01
347 0.003
348 0.005
348 0.009
348 0.003
349 0.005
349 0.009
349 0.001
350 0.006
350 0.009
350 0.002
351 0.005
351 0.009
351 0.002
352 0.006
352 0.01
352 0.002
353 0.006
353 0.011
353 0.002
354 0.005
354 0.01
354 0.002
355 0.005
355 0.01
355 0.002
356 0.006
356 0.01
356 0.004
357 0.005
357 0.009
357 0.002
358 0.006
358 0.01
358 0.002
359 0.005
359 0.009
359 0.002
360 0.007
360 0.014
360 0.003
361 0.006
361 0.009
361 0.002
362 0.007
362 0.01
362 0.002
363 0.006
363 0.01
363 0.002
364 0.007
364 0.01
364 0.002
365 0.005
365 0.009
365 0.002
366 0.006
366 0.01
366 0.003
367 0.006
367 0.011
367 0.002
368 0.006
368 0.011
368 0.003
369 0.006
369 0.012
369 0.001
370 0.006
370 0.01
370 0.002
371 0.006
371 0.011
371 0.003
372 0.006
372 0.01
372 0.002
373 0.007
373 0.012
373 0.003
374 0.006
374 0.011
374 0.002
375 0.006
375 0.015
375 0.004
376 0.005
376 0.011
376 0.002
377 0.006
377 0.016
377 0.003
378 0.006
378 0.011
378 0.002
379 0.006
379 0.012
379 0.002
380 0.007
380 0.01
380 0.002
381 0.006
381 0.011
381 0.003
382 0.006
382 0.011
382 0.002
383 0.005
383 0.011
383 0.003
384 0.007
384 0.011
384 0.002
385 0.009
385 0.012
385 0.002
386 0.007
386 0.015
386 0.002
387 0.006
387 0.011
387 0.002
388 0.009
388 0.017
388 0.003
389 0.007
389 0.014
389 0.002
390 0.006
390 0.011
390 0.004
391 0.006
391 0.012
391 0.002
392 0.006
392 0.011
392 0.001
393 0.007
393 0.011
393 0.002
394 0.006
394 0.011
394 0.002
395 0.006
395 0.013
395 0.001
396 0.006
396 0.012
396 0.002
397 0.006
397 0.012
397 0.002
398 0.007
398 0.012
398 0.002
399 0.007
399 0.011
399 0.003
400 0.007
400 0.014
400 0.002
401 0.007
401 0.012
401 0.003
402 0.006
402 0.011
402 0.002
403 0.007
403 0.015
403 0.002
404 0.008
404 0.012
404 0.003
405 0.007
405 0.013
405 0.002
406 0.007
406 0.013
406 0.001
407 0.007
407 0.013
407 0.002
408 0.007
408 0.016
408 0.002
409 0.007
409 0.011
409 0.003
410 0.008
410 0.014
410 0.002
411 0.007
411 0.012
411 0.004
412 0.008
412 0.012
412 0.002
413 0.007
413 0.015
413 0.002
414 0.007
414 0.012
414 0.002
415 0.007
415 0.014
415 0.002
416 0.01
416 0.012
416 0.002
417 0.008
417 0.015
417 0.002
418 0.008
418 0.013
418 0.002
419 0.007
419 0.017
419 0.002
420 0.007
420 0.014
420 0.003
421 0.009
421 0.014
421 0.002
422 0.006
422 0.014
422 0.003
423 0.007
423 0.018
423 0.002
424 0.007
424 0.019
424 0.003
425 0.007
425 0.017
425 0.004
426 0.008
426 0.012
426 0.002
427 0.007
427 0.013
427 0.004
428 0.007
428 0.014
428 0.002
429 0.008
429 0.016
429 0.002
430 0.007
430 0.016
430 0.002
431 0.008
431 0.014
431 0.002
432 0.008
432 0.014
432 0.002
433 0.015
433 0.014
433 0.004
434 0.007
434 0.014
434 0.003
435 0.007
435 0.014
435 0.002
436 0.007
436 0.015
436 0.002
437 0.007
437 0.015
437 0.004
438 0.007
438 0.015
438 0.002
439 0.008
439 0.02
439 0.002
440 0.008
440 0.016
440 0.002
441 0.012
441 0.017
441 0.002
442 0.009
442 0.017
442 0.002
443 0.008
443 0.022
443 0.002
444 0.01
444 0.016
444 0.002
445 0.012
445 0.014
445 0.002
446 0.008
446 0.015
446 0.002
447 0.012
447 0.015
447 0.002
448 0.007
448 0.02
448 0.003
449 0.008
449 0.021
449 0.002
450 0.015
450 0.019
450 0.003
451 0.009
451 0.018
451 0.003
452 0.008
452 0.016
452 0.002
453 0.01
453 0.017
453 0.003
454 0.009
454 0.02
454 0.004
455 0.008
455 0.019
455 0.003
456 0.009
456 0.015
456 0.002
457 0.008
457 0.022
457 0.002
458 0.008
458 0.015
458 0.003
459 0.009
459 0.014
459 0.002
460 0.008
460 0.015
460 0.002
461 0.011
461 0.015
461 0.003
462 0.009
462 0.016
462 0.002
463 0.009
463 0.016
463 0.002
464 0.009
464 0.016
464 0.002
465 0.008
465 0.016
465 0.002
466 0.008
466 0.015
466 0.003
467 0.008
467 0.015
467 0.003
468 0.009
468 0.015
468 0.002
469 0.009
469 0.017
469 0.003
470 0.009
470 0.015
470 0.002
471 0.008
471 0.016
471 0.002
472 0.008
472 0.016
472 0.003
473 0.011
473 0.015
473 0.002
474 0.009
474 0.016
474 0.002
475 0.009
475 0.016
475 0.002
476 0.01
476 0.017
476 0.002
477 0.01
477 0.016
477 0.003
478 0.009
478 0.016
478 0.002
479 0.009
479 0.016
479 0.003
480 0.011
480 0.016
480 0.003
481 0.009
481 0.016
481 0.002
482 0.011
482 0.016
482 0.002
483 0.009
483 0.017
483 0.003
484 0.009
484 0.017
484 0.002
485 0.009
485 0.017
485 0.003
486 0.009
486 0.016
486 0.004
487 0.009
487 0.018
487 0.002
488 0.009
488 0.017
488 0.003
489 0.009
489 0.017
489 0.003
490 0.009
490 0.017
490 0.003
491 0.013
491 0.017
491 0.003
492 0.01
492 0.016
492 0.01
493 0.01
493 0.017
493 0.005
494 0.011
494 0.018
494 0.003
495 0.01
495 0.017
495 0.002
496 0.01
496 0.017
496 0.003
497 0.011
497 0.027
497 0.002
498 0.01
498 0.017
498 0.005
499 0.011
499 0.018
499 0.002
500 0.01
500 0.018
500 0.002
501 0.011
501 0.017
501 0.003
502 0.01
502 0.017
502 0.002
503 0.009
503 0.017
503 0.002
504 0.009
504 0.026
504 0.002
505 0.013
505 0.018
505 0.004
506 0.009
506 0.02
506 0.005
507 0.013
507 0.022
507 0.004
508 0.01
508 0.018
508 0.005
509 0.014
509 0.018
509 0.002
510 0.013
510 0.019
510 0.002
511 0.01
511 0.019
511 0.004
512 0.01
512 0.018
512 0.003
513 0.01
513 0.017
513 0.002
514 0.009
514 0.018
514 0.002
515 0.012
515 0.019
515 0.003
516 0.01
516 0.026
516 0.003
517 0.009
517 0.019
517 0.003
518 0.01
518 0.019
518 0.003
519 0.011
519 0.019
519 0.002
520 0.012
520 0.019
520 0.002
521 0.009
521 0.018
521 0.004
522 0.009
522 0.018
522 0.002
523 0.01
523 0.022
523 0.003
524 0.01
524 0.019
524 0.003
525 0.01
525 0.019
525 0.003
526 0.011
526 0.021
526 0.003
527 0.01
527 0.019
527 0.003
528 0.011
528 0.026
528 0.002
529 0.011
529 0.021
529 0.003
530 0.014
530 0.021
530 0.003
531 0.01
531 0.024
531 0.002
532 0.016
532 0.023
532 0.002
533 0.01
533 0.02
533 0.003
534 0.011
534 0.019
534 0.003
535 0.012
535 0.019
535 0.002
536 0.011
536 0.019
536 0.002
537 0.011
537 0.031
537 0.003
538 0.01
538 0.02
538 0.002
539 0.015
539 0.02
539 0.004
540 0.013
540 0.025
540 0.003
541 0.01
541 0.02
541 0.003
542 0.01
542 0.028
542 0.003
543 0.011
543 0.02
543 0.005
544 0.011
544 0.021
544 0.003
545 0.012
545 0.022
545 0.002
546 0.011
546 0.023
546 0.003
547 0.011
547 0.028
547 0.003
548 0.011
548 0.021
548 0.004
549 0.012
549 0.021
549 0.003
550 0.013
550 0.021
550 0.003
551 0.012
551 0.021
551 0.003
552 0.011
552 0.022
552 0.003
553 0.011
553 0.021
553 0.003
554 0.011
554 0.021
554 0.004
555 0.011
555 0.023
555 0.003
556 0.015
556 0.021
556 0.002
557 0.011
557 0.021
557 0.003
558 0.012
558 0.021
558 0.005
559 0.011
559 0.024
559 0.003
560 0.011
560 0.025
560 0.002
561 0.015
561 0.022
561 0.005
562 0.012
562 0.021
562 0.002
563 0.012
563 0.022
563 0.003
564 0.012
564 0.021
564 0.002
565 0.012
565 0.022
565 0.003
566 0.012
566 0.026
566 0.003
567 0.013
567 0.021
567 0.003
568 0.011
568 0.027
568 0.003
569 0.011
569 0.022
569 0.003
570 0.012
570 0.024
570 0.003
571 0.012
571 0.022
571 0.003
572 0.011
572 0.026
572 0.003
573 0.011
573 0.022
573 0.004
574 0.013
574 0.022
574 0.002
575 0.012
575 0.022
575 0.003
576 0.013
576 0.023
576 0.003
577 0.013
577 0.022
577 0.003
578 0.012
578 0.022
578 0.002
579 0.014
579 0.022
579 0.003
580 0.011
580 0.024
580 0.003
581 0.013
581 0.023
581 0.002
582 0.012
582 0.024
582 0.003
583 0.013
583 0.024
583 0.003
584 0.012
584 0.024
584 0.002
585 0.014
585 0.024
585 0.003
586 0.013
586 0.025
586 0.005
587 0.012
587 0.025
587 0.003
588 0.016
588 0.024
588 0.003
589 0.014
589 0.023
589 0.004
590 0.013
590 0.027
590 0.005
591 0.013
591 0.023
591 0.003
592 0.013
592 0.024
592 0.003
593 0.013
593 0.024
593 0.003
594 0.012
594 0.025
594 0.003
595 0.013
595 0.023
595 0.002
596 0.012
596 0.029
596 0.003
597 0.014
597 0.024
597 0.003
598 0.013
598 0.027
598 0.004
599 0.014
599 0.024
599 0.002
600 0.013
600 0.024
600 0.002
601 0.013
601 0.025
601 0.004
602 0.012
602 0.024
602 0.003
603 0.013
603 0.024
603 0.004
604 0.014
604 0.026
604 0.005
605 0.013
605 0.025
605 0.003
606 0.014
606 0.026
606 0.002
607 0.013
607 0.024
607 0.004
608 0.014
608 0.026
608 0.004
609 0.014
609 0.025
609 0.004
610 0.014
610 0.032
610 0.003
611 0.014
611 0.028
611 0.004
612 0.014
612 0.025
612 0.003
613 0.013
613 0.026
613 0.003
614 0.013
614 0.029
614 0.005
615 0.013
615 0.026
615 0.004
616 0.014
616 0.028
616 0.003
617 0.013
617 0.025
617 0.004
618 0.014
618 0.026
618 0.003
619 0.013
619 0.027
619 0.002
620 0.013
620 0.027
620 0.003
621 0.013
621 0.025
621 0.004
622 0.014
622 0.028
622 0.003
623 0.013
623 0.026
623 0.003
624 0.014
624 0.026
624 0.003
625 0.014
625 0.026
625 0.003
626 0.013
626 0.026
626 0.003
627 0.014
627 0.026
627 0.003
628 0.014
628 0.026
628 0.003
629 0.014
629 0.029
629 0.003
630 0.014
630 0.027
630 0.003
631 0.014
631 0.027
631 0.004
632 0.014
632 0.026
632 0.003
633 0.014
633 0.027
633 0.003
634 0.017
634 0.027
634 0.002
635 0.014
635 0.027
635 0.004
636 0.015
636 0.027
636 0.004
637 0.014
637 0.027
637 0.004
638 0.014
638 0.027
638 0.004
639 0.014
639 0.028
639 0.004
640 0.014
640 0.027
640 0.003
641 0.014
641 0.029
641 0.004
642 0.016
642 0.028
642 0.003
643 0.015
643 0.029
643 0.005
644 0.014
644 0.027
644 0.004
645 0.014
645 0.029
645 0.003
646 0.015
646 0.028
646 0.004
647 0.015
647 0.03
647 0.003
648 0.014
648 0.027
648 0.003
649 0.015
649 0.032
649 0.004
650 0.015
650 0.029
650 0.003
651 0.015
651 0.028
651 0.003
652 0.015
652 0.028
652 0.004
653 0.014
653 0.033
653 0.004
654 0.015
654 0.029
654 0.004
655 0.016
655 0.029
655 0.003
656 0.015
656 0.029
656 0.003
657 0.015
657 0.029
657 0.004
658 0.015
658 0.029
658 0.003
659 0.014
659 0.03
659 0.004
660 0.014
660 0.029
660 0.004
661 0.014
661 0.028
661 0.005
662 0.016
662 0.029
662 0.003
663 0.018
663 0.031
663 0.003
664 0.017
664 0.03
664 0.005
665 0.024
665 0.03
665 0.003
666 0.017
666 0.03
666 0.005
667 0.016
667 0.03
667 0.004
668 0.016
668 0.031
668 0.003
669 0.017
669 0.03
669 0.005
670 0.02
670 0.03
670 0.003
671 0.018
671 0.03
671 0.004
672 0.016
672 0.03
672 0.004
673 0.016
673 0.03
673 0.005
674 0.016
674 0.031
674 0.003
675 0.015
675 0.03
675 0.003
676 0.016
676 0.03
676 0.004
677 0.017
677 0.03
677 0.006
678 0.016
678 0.031
678 0.003
679 0.017
679 0.031
679 0.004
680 0.016
680 0.031
680 0.003
681 0.023
681 0.03
681 0.004
682 0.016
682 0.031
682 0.004
683 0.018
683 0.03
683 0.004
684 0.017
684 0.031
684 0.003
685 0.018
685 0.031
685 0.004
686 0.016
686 0.033
686 0.004
687 0.018
687 0.031
687 0.003
688 0.016
688 0.031
688 0.003
689 0.017
689 0.032
689 0.004
690 0.017
690 0.031
690 0.004
691 0.017
691 0.035
691 0.003
692 0.017
692 0.032
692 0.003
693 0.019
693 0.031
693 0.005
694 0.016
694 0.031
694 0.003
695 0.018
695 0.032
695 0.005
696 0.017
696 0.035
696 0.003
697 0.018
697 0.032
697 0.004
698 0.018
698 0.034
698 0.003
699 0.018
699 0.033
699 0.003
700 0.018
700 0.033
700 0.003
701 0.017
701 0.032
701 0.003
702 0.018
702 0.032
702 0.005
703 0.021
703 0.033
703 0.004
704 0.02
704 0.033
704 0.003
705 0.019
705 0.033
705 0.004
706 0.017
706 0.033
706 0.004
707 0.018
707 0.033
707 0.003
708 0.017
708 0.033
708 0.003
709 0.019
709 0.043
709 0.005
710 0.019
710 0.034
710 0.003
711 0.018
711 0.033
711 0.005
712 0.018
712 0.034
712 0.005
713 0.019
713 0.033
713 0.003
714 0.017
714 0.034
714 0.003
715 0.023
715 0.035
715 0.004
716 0.017
716 0.035
716 0.004
717 0.02
717 0.034
717 0.006
718 0.018
718 0.034
718 0.004
719 0.018
719 0.035
719 0.012
720 0.017
720 0.034
720 0.005
721 0.019
721 0.034
721 0.004
722 0.018
722 0.034
722 0.003
723 0.02
723 0.035
723 0.004
724 0.018
724 0.034
724 0.004
725 0.019
725 0.036
725 0.004
726 0.018
726 0.036
726 0.004
727 0.017
727 0.034
727 0.003
728 0.019
728 0.035
728 0.004
729 0.019
729 0.034
729 0.005
730 0.019
730 0.036
730 0.004
731 0.022
731 0.035
731 0.004
732 0.019
732 0.037
732 0.004
733 0.023
733 0.035
733 0.003
734 0.019
734 0.035
734 0.004
735 0.023
735 0.037
735 0.004
736 0.019
736 0.036
736 0.004
737 0.021
737 0.036
737 0.004
738 0.019
738 0.036
738 0.004
739 0.023
739 0.036
739 0.003
740 0.018
740 0.036
740 0.005
741 0.019
741 0.036
741 0.003
742 0.019
742 0.036
742 0.003
743 0.025
743 0.037
743 0.004
744 0.019
744 0.036
744 0.003
745 0.022
745 0.036
745 0.003
746 0.02
746 0.037
746 0.005
747 0.02
747 0.037
747 0.003
748 0.021
748 0.037
748 0.003
749 0.024
749 0.036
749 0.005
750 0.019
750 0.038
750 0.005
751 0.02
751 0.037
751 0.007
752 0.019
752 0.037
752 0.005
753 0.022
753 0.037
753 0.003
754 0.019
754 0.038
754 0.003
755 0.02
755 0.037
755 0.004
756 0.018
756 0.039
756 0.01
757 0.02
757 0.037
757 0.004
758 0.019
758 0.038
758 0.003
759 0.022
759 0.038
759 0.003
760 0.02
760 0.038
760 0.004
761 0.021
761 0.037
761 0.004
762 0.02
762 0.038
762 0.005
763 0.028
763 0.038
763 0.005
764 0.02
764 0.038
764 0.003
765 0.02
765 0.039
765 0.004
766 0.023
766 0.039
766 0.005
767 0.02
767 0.039
767 0.004
768 0.021
768 0.038
768 0.004
769 0.023
769 0.039
769 0.003
770 0.02
770 0.039
770 0.003
771 0.021
771 0.039
771 0.004
772 0.02
772 0.039
772 0.005
773 0.02
773 0.047
773 0.003
774 0.02
774 0.041
774 0.004
775 0.022
775 0.04
775 0.011
776 0.02
776 0.039
776 0.003
777 0.02
777 0.039
777 0.003
778 0.021
778 0.039
778 0.003
779 0.021
779 0.04
779 0.003
780 0.02
780 0.039
780 0.002
781 0.02
781 0.039
781 0.003
782 0.022
782 0.04
782 0.003
783 0.021
783 0.041
783 0.003
784 0.023
784 0.04
784 0.003
785 0.021
785 0.041
785 0.003
786 0.02
786 0.041
786 0.004
787 0.021
787 0.041
787 0.005
788 0.021
788 0.041
788 0.005
789 0.022
789 0.042
789 0.005
790 0.022
790 0.041
790 0.004
791 0.023
791 0.041
791 0.003
792 0.023
792 0.041
792 0.003
793 0.022
793 0.042
793 0.005
794 0.021
794 0.042
794 0.004
795 0.021
795 0.042
795 0.005
796 0.022
796 0.042
796 0.005
797 0.022
797 0.044
797 0.005
798 0.022
798 0.042
798 0.004
799 0.021
799 0.042
799 0.003
800 0.022
800 0.042
800 0.003
801 0.021
801 0.042
801 0.007
802 0.023
802 0.042
802 0.003
803 0.022
803 0.042
803 0.004
804 0.022
804 0.042
804 0.004
805 0.022
805 0.043
805 0.004
806 0.021
806 0.043
806 0.003
807 0.022
807 0.042
807 0.005
808 0.021
808 0.043
808 0.005
809 0.022
809 0.043
809 0.003
810 0.021
810 0.05
810 0.005
811 0.023
811 0.043
811 0.004
812 0.023
812 0.043
812 0.005
813 0.023
813 0.043
813 0.004
814 0.023
814 0.044
814 0.004
815 0.024
815 0.047
815 0.003
816 0.024
816 0.044
816 0.004
817 0.022
817 0.043
817 0.003
818 0.023
818 0.044
818 0.003
819 0.023
819 0.043
819 0.004
820 0.023
820 0.044
820 0.004
821 0.022
821 0.044
821 0.005
822 0.022
822 0.045
822 0.003
823 0.023
823 0.045
823 0.004
824 0.023
824 0.044
824 0.003
825 0.024
825 0.045
825 0.005
826 0.023
826 0.045
826 0.003
827 0.022
827 0.045
827 0.003
828 0.024
828 0.045
828 0.005
829 0.024
829 0.045
829 0.004
830 0.024
830 0.045
830 0.005
831 0.024
831 0.046
831 0.004
832 0.023
832 0.053
832 0.004
833 0.024
833 0.045
833 0.003
834 0.024
834 0.111
834 0.004
835 0.029
835 0.045
835 0.005
836 0.035
836 0.074
836 0.005
837 0.027
837 0.049
837 0.006
838 0.024
838 0.068
838 0.008
839 0.026
839 0.066
839 0.005
840 0.024
840 0.063
840 0.004
841 0.028
841 0.05
841 0.006
842 0.029
842 0.058
842 0.003
843 0.031
843 0.05
843 0.005
844 0.032
844 0.056
844 0.006
845 0.034
845 0.066
845 0.004
846 0.037
846 0.064
846 0.004
847 0.074
847 0.073
847 0.005
848 0.035
848 0.057
848 0.005
849 0.038
849 0.071
849 0.004
850 0.026
850 0.056
850 0.006
851 0.033
851 0.048
851 0.004
852 0.04
852 0.072
852 0.004
853 0.037
853 0.049
853 0.005
854 0.028
854 0.063
854 0.005
855 0.027
855 0.066
855 0.005
856 0.025
856 0.049
856 0.004
857 0.035
857 0.049
857 0.003
858 0.026
858 0.049
858 0.004
859 0.025
859 0.049
859 0.003
860 0.025
860 0.054
860 0.003
861 0.028
861 0.049
861 0.003
862 0.027
862 0.051
862 0.004
863 0.027
863 0.048
863 0.004
864 0.025
864 0.048
864 0.006
865 0.026
865 0.053
865 0.003
866 0.033
866 0.051
866 0.004
867 0.027
867 0.05
867 0.004
868 0.025
868 0.068
868 0.004
869 0.026
869 0.05
869 0.005
870 0.027
870 0.052
870 0.005
871 0.026
871 0.051
871 0.004
872 0.025
872 0.051
872 0.006
873 0.025
873 0.057
873 0.005
874 0.028
874 0.05
874 0.004
875 0.025
875 0.054
875 0.004
876 0.028
876 0.05
876 0.006
877 0.026
877 0.052
877 0.004
878 0.026
878 0.051
878 0.005
879 0.027
879 0.05
879 0.005
880 0.027
880 0.051
880 0.005
881 0.027
881 0.051
881 0.004
882 0.028
882 0.054
882 0.004
883 0.027
883 0.063
883 0.004
884 0.027
884 0.051
884 0.003
885 0.027
885 0.052
885 0.004
886 0.027
886 0.051
886 0.004
887 0.027
887 0.051
887 0.005
888 0.027
888 0.053
888 0.004
889 0.026
889 0.051
889 0.005
890 0.027
890 0.052
890 0.004
891 0.027
891 0.053
891 0.005
892 0.027
892 0.052
892 0.005
893 0.027
893 0.057
893 0.006
894 0.027
894 0.053
894 0.003
895 0.028
895 0.058
895 0.003
896 0.027
896 0.053
896 0.004
897 0.027
897 0.052
897 0.004
898 0.028
898 0.061
898 0.007
899 0.027
899 0.053
899 0.004
900 0.028
900 0.054
900 0.005
901 0.026
901 0.054
901 0.005
902 0.029
902 0.053
902 0.004
903 0.028
903 0.029
903 0.054
903 0.004
904 0.026
904 0.053
904 0.004
905 0.028
905 0.061
905 0.004
906 0.028
906 0.055
906 0.005
907 0.036
907 0.053
907 0.005
908 0.029
908 0.053
908 0.003
909 0.028
909 0.055
909 0.005
910 0.028
910 0.055
910 0.004
911 0.028
911 0.054
911 0.005
912 0.034
912 0.054
912 0.003
913 0.029
913 0.055
913 0.003
914 0.028
914 0.054
914 0.005
915 0.029
915 0.055
915 0.007
916 0.028
916 0.054
916 0.005
917 0.028
917 0.055
917 0.004
918 0.03
918 0.054
918 0.004
919 0.028
919 0.055
919 0.004
920 0.03
920 0.055
920 0.004
921 0.034
921 0.055
921 0.005
922 0.03
922 0.062
922 0.005
923 0.034
923 0.06
923 0.005
924 0.028
924 0.056
924 0.004
925 0.03
925 0.056
925 0.006
926 0.032
926 0.057
926 0.005
927 0.034
927 0.055
927 0.005
928 0.028
928 0.057
928 0.004
929 0.029
929 0.056
929 0.004
930 0.029
930 0.056
930 0.004
931 0.03
931 0.055
931 0.006
932 0.03
932 0.057
932 0.005
933 0.029
933 0.056
933 0.005
934 0.031
934 0.077
934 0.004
935 0.031
935 0.057
935 0.004
936 0.035
936 0.056
936 0.004
937 0.029
937 0.057
937 0.005
938 0.03
938 0.058
938 0.004
939 0.029
939 0.058
939 0.004
940 0.033
940 0.057
940 0.005
941 0.031
941 0.058
941 0.004
942 0.032
942 0.058
942 0.004
943 0.032
943 0.058
943 0.003
944 0.036
944 0.057
944 0.006
945 0.029
945 0.058
945 0.005
946 0.03
946 0.062
946 0.004
947 0.03
947 0.06
947 0.004
948 0.03
948 0.057
948 0.003
949 0.03
949 0.058
949 0.005
950 0.03
950 0.059
950 0.004
951 0.031
951 0.063
951 0.006
952 0.032
952 0.059
952 0.005
953 0.03
953 0.066
953 0.005
954 0.029
954 0.059
954 0.005
955 0.032
955 0.059
955 0.005
956 0.03
956 0.059
956 0.006
957 0.035
957 0.059
957 0.004
958 0.029
958 0.06
958 0.005
959 0.031
959 0.063
959 0.006
960 0.03
960 0.068
960 0.005
961 0.031
961 0.06
961 0.004
962 0.036
962 0.06
962 0.004
963 0.033
963 0.061
963 0.005
964 0.031
964 0.06
964 0.005
965 0.031
965 0.073
965 0.005
966 0.03
966 0.06
966 0.004
967 0.033
967 0.062
967 0.005
968 0.032
968 0.06
968 0.007
969 0.036
969 0.065
969 0.004
970 0.032
970 0.062
970 0.005
971 0.033
971 0.064
971 0.005
972 0.041
972 0.061
972 0.005
973 0.032
973 0.061
973 0.005
974 0.033
974 0.062
974 0.005
975 0.033
975 0.063
975 0.004
976 0.037
976 0.083
976 0.006
977 0.032
977 0.086
977 0.007
978 0.031
978 0.064
978 0.004
979 0.052
979 0.082
979 0.009
980 0.035
980 0.067
980 0.005
981 0.048
981 0.096
981 0.006
982 0.038
982 0.083
982 0.005
983 0.038
983 0.078
983 0.007
984 0.055
984 0.08
984 0.032
985 0.052
985 0.075
985 0.006
986 0.05
986 0.095
986 0.006
987 0.05
987 0.086
987 0.007
988 0.048
988 0.076
988 0.008
989 0.033
989 0.064
989 0.005
990 0.034
