100 0.014
100 0.02
100 0.014
200 0.024
200 0.026
200 0.025
300 0.035
300 0.034
300 0.037
1 0.002
1 0.003
1 0.002
2 0.003
2 0.002
2 0.002
3 0.004
3 0.008
3 0.005
4 0.002
4 0.002
4 0.002
5 0.003
5 0.001
5 0.003
6 0.003
6 0.002
6 0.002
7 0.008
7 0.002
7 0.002
8 0.002
8 0.003
8 0.002
9 0.005
9 0.003
9 0.002
10 0.003
10 0.002
10 0.003
11 0.003
11 0.003
11 0.004
12 0.004
12 0.002
12 0.002
13 0.003
13 0.005
13 0.002
1 0.001
1 0.001
1 0.003
2 0.002
2 0.003
2 0.003
3 0.003
3 0.002
3 0.002
4 0.002
4 0.001
4 0.002
5 0.001
5 0.002
5 0.002
6 0.002
6 0.002
6 0.002
7 0.002
7 0.002
7 0.003
8 0.002
8 0.002
8 0.003
9 0.002
9 0.002
9 0.004
10 0.003
10 0.002
10 0.005
11 0.002
11 0.002
11 0.003
12 0.003
12 0.002
12 0.003
13 0.004
13 0.003
13 0.003
14 0.003
14 0.003
14 0.003
15 0.002
15 0.003
15 0.003
16 0.003
16 0.002
16 0.002
17 0.004
17 0.002
17 0.004
18 0.003
18 0.003
18 0.003
19 0.004
19 0.004
19 0.003
20 0.004
20 0.003
20 0.005
21 0.003
21 0.004
21 0.003
22 0.004
22 0.004
22 0.004
23 0.005
23 0.005
23 0.003
24 0.006
24 0.005
24 0.005
25 0.007
25 0.004
25 0.004
26 0.004
26 0.006
26 0.006
27 0.004
27 0.004
27 0.003
28 0.006
28 0.008
28 0.003
29 0.005
29 0.003
29 0.007
30 0.004
30 0.005
30 0.004
31 0.004
31 0.005
31 0.006
32 0.004
32 0.005
32 0.005
33 0.006
33 0.006
33 0.007
34 0.004
34 0.004
34 0.005
35 0.005
35 0.005
35 0.005
36 0.005
36 0.005
36 0.007
37 0.008
37 0.009
37 0.007
38 0.005
38 0.008
38 0.005
1 0.002
1 0.001
1 0.002
2 0.003
2 0.003
2 0.001
3 0.001
3 0.003
3 0.002
4 0.002
4 0.002
4 0.005
5 0.005
5 0.002
5 0.001
6 0.002
6 0.002
6 0.002
7 0.004
7 0.002
7 0.003
8 0.002
8 0.003
8 0.002
9 0.003
9 0.002
9 0.002
10 0.002
10 0.003
10 0.003
11 0.003
11 0.007
11 0.003
12 0.005
12 0.003
12 0.004
13 0.003
13 0.003
13 0.004
14 0.003
14 0.002
14 0.006
15 0.004
15 0.003
15 0.005
16 0.004
16 0.004
16 0.002
17 0.003
17 0.003
17 0.003
18 0.003
18 0.003
18 0.004
19 0.006
19 0.005
19 0.002
20 0.005
20 0.004
20 0.004
21 0.003
21 0.004
21 0.005
22 0.006
22 0.004
22 0.004
23 0.005
23 0.005
23 0.005
24 0.004
24 0.005
24 0.005
25 0.004
25 0.004
25 0.004
26 0.006
26 0.004
26 0.005
27 0.005
27 0.004
27 0.006
28 0.004
28 0.004
28 0.004
29 0.006
29 0.006
29 0.004
30 0.007
30 0.005
30 0.007
31 0.006
31 0.007
31 0.004
32 0.007
32 0.004
32 0.004
33 0.006
33 0.005
33 0.004
34 0.004
34 0.006
34 0.005
35 0.006
35 0.004
35 0.006
36 0.006
36 0.005
36 0.008
37 0.007
37 0.004
37 0.005
38 0.004
38 0.006
38 0.005
39 0.005
39 0.004
39 0.006
40 0.006
40 0.004
40 0.005
41 0.005
41 0.006
41 0.005
42 0.006
42 0.007
42 0.005
43 0.006
43 0.009
43 0.01
44 0.006
44 0.006
44 0.006
45 0.006
45 0.006
45 0.007
46 0.006
46 0.008
46 0.007
47 0.01
47 0.007
47 0.005
48 0.007
48 0.006
48 0.006
49 0.008
49 0.01
49 0.006
50 0.006
50 0.007
50 0.007
51 0.007
51 0.006
51 0.007
52 0.007
52 0.009
52 0.01
53 0.007
53 0.007
53 0.009
54 0.007
54 0.008
54 0.011
55 0.008
55 0.007
55 0.007
56 0.006
56 0.008
56 0.008
57 0.008
57 0.01
57 0.009
58 0.007
58 0.007
58 0.008
59 0.007
59 0.008
59 0.01
60 0.012
60 0.008
60 0.006
61 0.008
61 0.008
61 0.008
62 0.011
62 0.009
62 0.008
63 0.007
63 0.009
63 0.008
64 0.008
64 0.009
64 0.01
65 0.008
65 0.011
65 0.007
66 0.008
66 0.008
66 0.011
67 0.012
67 0.009
67 0.007
68 0.012
68 0.008
68 0.008
69 0.009
69 0.009
69 0.008
70 0.014
70 0.01
70 0.012
71 0.012
71 0.009
71 0.008
72 0.01
72 0.01
72 0.008
73 0.009
73 0.011
73 0.009
74 0.009
74 0.009
74 0.009
75 0.008
75 0.009
75 0.008
76 0.012
76 0.01
76 0.009
77 0.012
77 0.01
77 0.009
78 0.013
78 0.009
78 0.01
79 0.008
79 0.009
79 0.009
80 0.01
80 0.01
80 0.01
81 0.009
81 0.011
81 0.009
82 0.009
82 0.011
82 0.012
83 0.012
83 0.015
83 0.015
84 0.01
84 0.009
84 0.011
85 0.01
85 0.011
85 0.01
86 0.013
86 0.01
86 0.01
87 0.01
87 0.01
87 0.011
88 0.011
88 0.011
88 0.01
89 0.012
89 0.013
89 0.013
90 0.01
90 0.011
90 0.01
91 0.011
91 0.011
91 0.011
92 0.011
92 0.01
92 0.011
93 0.011
93 0.012
93 0.011
94 0.014
94 0.012
94 0.011
95 0.012
95 0.011
95 0.013
96 0.012
96 0.012
96 0.01
97 0.011
97 0.012
97 0.012
98 0.014
98 0.011
98 0.014
99 0.014
99 0.012
99 0.011
100 0.012
100 0.012
100 0.012
101 0.012
101 0.016
101 0.011
102 0.012
102 0.012
102 0.011
103 0.012
103 0.012
103 0.012
104 0.017
104 0.018
104 0.014
105 0.016
105 0.015
105 0.013
106 0.015
106 0.017
106 0.012
107 0.013
107 0.014
107 0.015
108 0.015
108 0.015
108 0.012
109 0.019
109 0.019
109 0.015
110 0.015
110 0.017
110 0.016
111 0.013
111 0.015
111 0.012
112 0.014
112 0.016
112 0.015
113 0.013
113 0.013
113 0.017
114 0.016
114 0.017
114 0.023
115 0.015
115 0.018
115 0.015
116 0.017
116 0.014
116 0.016
117 0.014
117 0.015
117 0.013
118 0.014
118 0.014
118 0.014
119 0.019
119 0.015
119 0.014
120 0.017
120 0.012
120 0.015
121 0.014
121 0.015
121 0.015
122 0.017
122 0.019
122 0.014
123 0.013
123 0.016
123 0.016
124 0.021
124 0.017
124 0.019
125 0.02
125 0.016
125 0.018
126 0.014
126 0.014
126 0.014
127 0.017
127 0.014
127 0.015
128 0.02
128 0.02
128 0.014
129 0.016
129 0.017
129 0.016
130 0.015
130 0.019
130 0.02
131 0.021
131 0.014
131 0.015
132 0.015
132 0.016
132 0.015
133 0.018
133 0.018
133 0.015
134 0.016
134 0.015
134 0.02
135 0.016
135 0.016
135 0.018
136 0.027
136 0.022
136 0.018
137 0.036
137 0.017
137 0.016
138 0.017
138 0.023
138 0.021
139 0.022
139 0.02
139 0.018
140 0.017
140 0.016
140 0.016
141 0.016
141 0.019
141 0.016
142 0.016
142 0.016
142 0.015
143 0.023
143 0.016
143 0.02
144 0.017
144 0.016
144 0.018
145 0.02
145 0.018
145 0.021
146 0.019
146 0.017
146 0.019
147 0.018
147 0.017
147 0.016
148 0.019
148 0.021
148 0.019
149 0.016
149 0.017
149 0.018
150 0.016
150 0.025
150 0.02
151 0.017
151 0.028
151 0.018
152 0.018
152 0.017
152 0.018
153 0.017
153 0.017
153 0.021
154 0.017
154 0.019
154 0.017
155 0.019
155 0.02
155 0.023
156 0.018
156 0.02
156 0.02
157 0.022
157 0.019
157 0.023
158 0.019
158 0.017
158 0.018
159 0.022
159 0.017
159 0.018
160 0.018
160 0.02
160 0.025
161 0.019
161 0.018
161 0.02
162 0.019
162 0.018
162 0.019
163 0.02
163 0.018
163 0.022
164 0.02
164 0.022
164 0.019
165 0.018
165 0.019
165 0.019
166 0.022
166 0.018
166 0.018
167 0.02
167 0.02
167 0.019
168 0.022
168 0.021
168 0.018
169 0.02
169 0.023
169 0.019
170 0.021
170 0.019
170 0.019
171 0.021
171 0.02
171 0.022
172 0.021
172 0.021
172 0.022
173 0.019
173 0.023
173 0.02
174 0.02
174 0.02
174 0.02
175 0.019
175 0.021
175 0.029
176 0.027
176 0.027
176 0.023
177 0.023
177 0.025
177 0.02
178 0.021
178 0.021
178 0.021
179 0.021
179 0.02
179 0.021
180 0.027
180 0.021
180 0.02
181 0.021
181 0.022
181 0.02
182 0.022
182 0.02
182 0.02
183 0.023
183 0.023
183 0.022
184 0.025
184 0.022
184 0.022
185 0.022
185 0.022
185 0.021
186 0.02
186 0.02
186 0.022
187 0.021
187 0.025
187 0.025
188 0.021
188 0.021
188 0.021
189 0.021
189 0.021
189 0.022
190 0.022
190 0.021
190 0.021
191 0.021
191 0.027
191 0.029
192 0.023
192 0.028
192 0.046
193 0.03
193 0.024
193 0.022
194 0.023
194 0.022
194 0.027
195 0.022
195 0.022
195 0.022
196 0.025
196 0.021
196 0.022
197 0.022
197 0.021
197 0.022
198 0.024
198 0.022
198 0.023
199 0.027
199 0.023
199 0.023
200 0.023
200 0.022
200 0.023
201 0.025
201 0.022
201 0.022
202 0.022
202 0.023
202 0.023
203 0.023
203 0.022
203 0.023
204 0.023
204 0.023
204 0.023
205 0.023
205 0.023
205 0.024
206 0.023
206 0.023
206 0.025
207 0.025
207 0.023
207 0.024
208 0.023
208 0.022
208 0.025
209 0.024
209 0.023
209 0.023
210 0.023
210 0.026
210 0.027
211 0.023
211 0.023
211 0.024
212 0.023
212 0.028
212 0.023
213 0.024
213 0.023
213 0.023
214 0.025
214 0.023
214 0.026
215 0.024
215 0.023
215 0.024
216 0.028
216 0.025
216 0.025
217 0.024
217 0.025
217 0.025
218 0.024
218 0.024
218 0.025
219 0.026
219 0.023
219 0.024
220 0.026
220 0.024
220 0.025
221 0.024
221 0.024
221 0.025
222 0.026
222 0.026
222 0.027
223 0.026
223 0.024
223 0.025
224 0.025
224 0.024
224 0.025
225 0.027
225 0.025
225 0.027
226 0.026
226 0.025
226 0.027
227 0.025
227 0.024
227 0.025
228 0.025
228 0.025
228 0.025
229 0.026
229 0.025
229 0.027
230 0.027
230 0.025
230 0.029
231 0.026
231 0.029
231 0.025
232 0.027
232 0.025
232 0.026
233 0.026
233 0.026
233 0.026
234 0.026
234 0.027
234 0.027
235 0.026
235 0.027
235 0.026
236 0.027
236 0.027
236 0.027
237 0.027
237 0.026
237 0.026
238 0.026
238 0.026
238 0.026
239 0.026
239 0.027
239 0.027
240 0.028
240 0.027
240 0.029
241 0.03
241 0.029
241 0.03
242 0.026
242 0.026
242 0.027
243 0.027
243 0.028
243 0.026
244 0.028
244 0.028
244 0.027
245 0.028
245 0.026
245 0.028
246 0.03
246 0.029
246 0.028
247 0.028
247 0.028
247 0.027
248 0.027
248 0.028
248 0.032
249 0.027
249 0.028
249 0.032
250 0.028
250 0.027
250 0.029
251 0.03
251 0.028
251 0.028
252 0.028
252 0.028
252 0.028
253 0.028
253 0.028
253 0.028
254 0.032
254 0.03
254 0.031
255 0.029
255 0.028
255 0.029
256 0.029
256 0.028
256 0.029
257 0.032
257 0.03
257 0.028
258 0.029
258 0.029
258 0.034
259 0.03
259 0.032
259 0.029
260 0.029
260 0.029
260 0.031
261 0.03
261 0.029
261 0.031
262 0.031
262 0.029
262 0.031
263 0.03
263 0.03
263 0.029
264 0.03
264 0.03
264 0.029
265 0.03
265 0.035
265 0.032
266 0.03
266 0.03
266 0.03
267 0.035
267 0.03
267 0.034
268 0.03
268 0.03
268 0.03
269 0.031
269 0.03
269 0.031
270 0.03
270 0.031
270 0.035
271 0.03
271 0.03
271 0.032
280 0.035
280 0.036
280 0.033
281 0.033
281 0.041
281 0.035
282 0.037
282 0.032
280 0.034
280 0.036
280 0.032
281 0.035
281 0.039
281 0.033
282 0.033
282 0.033
282 0.033
283 0.033
283 0.033
283 0.034
284 0.033
284 0.032
284 0.032
285 0.032
285 0.032
285 0.032
286 0.035
286 0.032
286 0.034
287 0.034
287 0.032
287 0.037
288 0.038
288 0.034
288 0.033
289 0.033
289 0.033
289 0.033
290 0.033
290 0.033
290 0.037
291 0.039
291 0.035
291 0.038
292 0.034
292 0.033
292 0.035
293 0.033
293 0.034
293 0.034
294 0.037
294 0.034
294 0.034
295 0.035
295 0.033
295 0.036
296 0.035
296 0.034
296 0.035
297 0.035
297 0.035
297 0.035
298 0.036
298 0.042
298 0.034
299 0.035
299 0.034
299 0.047
300 0.037
300 0.035
300 0.039
301 0.044
301 0.035
301 0.036
302 0.04
302 0.034
302 0.036
303 0.035
303 0.038
303 0.034
304 0.036
304 0.034
304 0.035
305 0.035
305 0.035
305 0.034
306 0.036
306 0.036
306 0.035
307 0.035
307 0.041
307 0.036
308 0.038
308 0.038
308 0.036
309 0.038
309 0.043
309 0.035
310 0.037
310 0.036
310 0.048
311 0.037
311 0.039
311 0.044
312 0.035
312 0.036
312 0.035
313 0.037
313 0.037
313 0.036
314 0.036
314 0.035
314 0.036
315 0.037
315 0.036
315 0.037
316 0.037
316 0.036
316 0.039
317 0.037
317 0.038
317 0.039
318 0.038
318 0.038
318 0.037
319 0.04
319 0.036
319 0.038
320 0.038
320 0.035
320 0.036
321 0.037
321 0.037
321 0.039
322 0.037
322 0.037
322 0.036
323 0.038
323 0.037
323 0.037
324 0.041
324 0.036
324 0.037
325 0.046
325 0.039
325 0.038
326 0.038
326 0.037
326 0.037
327 0.037
327 0.037
327 0.037
328 0.038
328 0.038
328 0.037
329 0.041
329 0.039
329 0.038
330 0.038
330 0.037
330 0.038
331 0.038
331 0.037
331 0.038
332 0.042
332 0.04
332 0.04
333 0.039
333 0.039
333 0.04
334 0.038
334 0.037
334 0.038
335 0.04
335 0.038
335 0.042
336 0.039
336 0.042
336 0.039
337 0.044
337 0.039
337 0.039
338 0.043
338 0.038
338 0.04
339 0.039
339 0.038
339 0.039
340 0.039
340 0.039
340 0.041
341 0.039
341 0.039
341 0.041
342 0.039
342 0.039
342 0.042
343 0.041
343 0.038
343 0.04
344 0.04
344 0.04
344 0.04
345 0.04
345 0.041
345 0.04
346 0.04
346 0.039
346 0.04
347 0.041
347 0.04
347 0.039
348 0.039
348 0.041
348 0.04
349 0.041
349 0.041
349 0.04
350 0.044
350 0.039
350 0.04
351 0.041
351 0.04
351 0.043
352 0.04
352 0.04
352 0.04
353 0.041
353 0.04
353 0.041
354 0.043
354 0.04
354 0.04
355 0.041
355 0.04
355 0.043
356 0.042
356 0.04
356 0.041
357 0.043
357 0.041
357 0.041
358 0.042
358 0.041
358 0.041
359 0.041
359 0.04
359 0.042
360 0.041
360 0.041
360 0.042
361 0.041
361 0.041
361 0.04
362 0.041
362 0.041
362 0.042
363 0.042
363 0.04
363 0.044
364 0.042
364 0.041
364 0.042
365 0.042
365 0.041
365 0.041
366 0.042
366 0.042
366 0.041
367 0.042
367 0.042
367 0.042
368 0.042
368 0.044
368 0.041
369 0.044
369 0.042
369 0.042
370 0.042
370 0.042
370 0.042
371 0.043
371 0.042
371 0.043
372 0.043
372 0.042
372 0.043
373 0.044
373 0.047
373 0.042
374 0.044
374 0.042
374 0.043
375 0.049
375 0.06
375 0.058
376 0.045
376 0.043
376 0.049
377 0.047
377 0.054
377 0.055
378 0.044
378 0.043
378 0.043
379 0.044
379 0.044
379 0.043
380 0.046
380 0.043
380 0.044
381 0.046
381 0.046
381 0.043
382 0.046
382 0.048
382 0.044
383 0.044
383 0.043
383 0.049
384 0.045
384 0.045
384 0.044
385 0.046
385 0.047
385 0.045
386 0.044
386 0.044
386 0.045
387 0.051
387 0.048
387 0.052
388 0.052
388 0.053
388 0.052
389 0.047
389 0.062
389 0.046
390 0.046
390 0.045
390 0.044
391 0.046
391 0.047
391 0.045
392 0.046
392 0.047
392 0.045
393 0.047
393 0.045
393 0.048
394 0.046
394 0.044
394 0.045
395 0.046
395 0.045
395 0.054
396 0.046
396 0.045
396 0.045
397 0.047
397 0.045
397 0.046
398 0.046
398 0.048
398 0.048
399 0.056
399 0.051
399 0.047
400 0.05
400 0.049
400 0.046
401 0.048
401 0.047
401 0.048
402 0.046
402 0.046
402 0.046
403 0.048
403 0.066
403 0.048
404 0.048
404 0.045
404 0.047
405 0.046
405 0.049
405 0.047
406 0.05
406 0.047
406 0.048
407 0.048
407 0.047
407 0.047
408 0.065
408 0.056
408 0.056
409 0.052
409 0.049
409 0.053
410 0.051
410 0.048
410 0.051
411 0.049
411 0.049
411 0.052
412 0.054
412 0.059
412 0.052
413 0.077
413 0.057
413 0.053
414 0.049
414 0.051
414 0.051
415 0.052
415 0.058
415 0.05
416 0.052
416 0.049
416 0.048
417 0.052
417 0.051
417 0.048
418 0.057
418 0.05
418 0.055
419 0.048
419 0.053
419 0.051
420 0.052
420 0.051
420 0.057
421 0.075
421 0.054
421 0.051
422 0.054
422 0.047
422 0.051
423 0.056
423 0.051
423 0.052
424 0.05
424 0.049
424 0.05
425 0.052
425 0.054
425 0.05
426 0.052
426 0.049
426 0.05
427 0.05
427 0.053
427 0.054
428 0.052
428 0.05
428 0.052
429 0.055
429 0.05
429 0.05
430 0.051
430 0.051
430 0.052
431 0.052
431 0.052
431 0.056
432 0.054
432 0.053
432 0.053
433 0.058
433 0.054
433 0.071
434 0.052
434 0.056
434 0.05
435 0.051
435 0.051
435 0.055
436 0.051
436 0.05
436 0.05
437 0.058
437 0.051
437 0.052
438 0.055
438 0.064
438 0.062
439 0.055
439 0.079
439 0.062
440 0.061
440 0.068
440 0.063
441 0.065
441 0.076
441 0.056
442 0.073
442 0.052
442 0.055
443 0.073
443 0.055
443 0.065
444 0.065
444 0.067
444 0.081
445 0.088
445 0.056
445 0.056
446 0.063
446 0.052
446 0.052
447 0.083
447 0.055
447 0.061
448 0.066
448 0.088
448 0.076
449 0.058
449 0.066
449 0.054
450 0.086
450 0.071
450 0.059
451 0.058
451 0.061
451 0.058
452 0.061
452 0.059
452 0.053
453 0.057
453 0.068
453 0.053
454 0.062
454 0.063
454 0.079
455 0.055
455 0.068
455 0.055
456 0.064
456 0.056
456 0.057
457 0.056
457 0.08
457 0.052
458 0.053
458 0.053
458 0.053
459 0.057
459 0.053
459 0.054
460 0.055
460 0.055
460 0.053
461 0.055
461 0.052
461 0.056
462 0.058
462 0.053
462 0.054
463 0.054
463 0.054
463 0.053
464 0.065
464 0.053
464 0.053
465 0.057
465 0.054
465 0.054
466 0.07
466 0.059
466 0.056
467 0.063
467 0.053
467 0.053
468 0.055
468 0.053
468 0.054
469 0.055
469 0.055
469 0.055
470 0.059
470 0.053
470 0.054
471 0.06
471 0.053
471 0.054
472 0.055
472 0.053
472 0.054
473 0.058
473 0.055
473 0.056
474 0.057
474 0.057
474 0.054
475 0.055
475 0.055
475 0.054
476 0.058
476 0.056
476 0.059
477 0.055
477 0.055
477 0.054
478 0.058
478 0.055
478 0.055
479 0.073
479 0.054
479 0.061
480 0.056
480 0.054
480 0.056
481 0.056
481 0.055
481 0.055
482 0.062
482 0.055
482 0.057
483 0.059
483 0.056
483 0.056
484 0.055
484 0.056
484 0.057
485 0.063
485 0.056
485 0.057
486 0.064
486 0.055
486 0.057
487 0.058
487 0.055
487 0.057
488 0.059
488 0.055
488 0.057
489 0.057
489 0.056
489 0.056
490 0.062
490 0.056
490 0.058
491 0.06
491 0.056
491 0.062
492 0.061
492 0.056
492 0.057
493 0.058
493 0.057
493 0.059
494 0.064
494 0.058
494 0.066
495 0.061
495 0.059
495 0.057
496 0.058
496 0.057
496 0.057
497 0.093
497 0.074
497 0.074
498 0.064
498 0.058
498 0.06
499 0.061
499 0.058
499 0.06
500 0.061
500 0.069
500 0.061
501 0.058
501 0.059
501 0.058
502 0.065
502 0.063
502 0.059
503 0.06
503 0.062
503 0.06
504 0.077
504 0.078
504 0.062
505 0.063
505 0.064
505 0.066
506 0.058
506 0.067
506 0.063
507 0.076
507 0.07
507 0.064
508 0.061
508 0.06
508 0.061
509 0.074
509 0.061
509 0.059
510 0.062
510 0.061
510 0.06
511 0.059
511 0.061
511 0.06
512 0.063
512 0.062
512 0.066
513 0.069
513 0.06
513 0.061
514 0.061
514 0.061
514 0.06
515 0.065
515 0.06
515 0.068
516 0.078
516 0.061
516 0.062
517 0.063
517 0.06
517 0.06
518 0.062
518 0.08
518 0.068
519 0.061
519 0.061
519 0.062
520 0.072
520 0.064
520 0.073
521 0.061
521 0.062
521 0.063
522 0.062
522 0.06
522 0.062
523 0.062
523 0.069
523 0.071
524 0.063
524 0.062
524 0.06
525 0.069
525 0.062
525 0.067
526 0.064
526 0.068
526 0.064
527 0.063
527 0.061
527 0.062
528 0.066
528 0.066
528 0.072
529 0.065
529 0.063
529 0.063
530 0.063
530 0.067
530 0.08
531 0.064
531 0.062
531 0.062
532 0.065
532 0.07
532 0.069
533 0.062
533 0.063
533 0.062
534 0.071
534 0.063
534 0.064
535 0.064
535 0.062
535 0.064
536 0.064
536 0.062
536 0.064
537 0.07
537 0.068
537 0.066
538 0.068
538 0.067
538 0.064
539 0.081
539 0.062
539 0.084
540 0.067
540 0.063
540 0.063
541 0.063
541 0.062
541 0.064
542 0.066
542 0.068
542 0.067
543 0.066
543 0.066
543 0.065
544 0.07
544 0.064
544 0.067
545 0.066
545 0.063
545 0.065
546 0.068
546 0.064
546 0.065
547 0.066
547 0.068
547 0.077
548 0.065
548 0.065
548 0.07
549 0.074
549 0.065
549 0.066
550 0.069
550 0.066
550 0.064
551 0.073
551 0.064
551 0.064
552 0.07
552 0.066
552 0.064
553 0.065
553 0.065
553 0.066
554 0.066
554 0.07
554 0.069
555 0.067
555 0.065
555 0.064
556 0.071
556 0.064
556 0.067
557 0.071
557 0.064
557 0.067
558 0.066
558 0.066
558 0.065
559 0.067
559 0.065
559 0.067
560 0.065
560 0.065
560 0.065
561 0.072
561 0.065
561 0.07
562 0.07
562 0.066
562 0.067
563 0.066
563 0.067
563 0.067
564 0.07
564 0.067
564 0.068
565 0.066
565 0.066
565 0.066
566 0.067
566 0.067
566 0.066
567 0.067
567 0.069
567 0.067
568 0.068
568 0.067
568 0.066
569 0.067
569 0.067
569 0.066
570 0.068
570 0.071
570 0.067
571 0.068
571 0.066
571 0.067
572 0.069
572 0.075
572 0.066
573 0.067
573 0.068
573 0.069
574 0.071
574 0.069
574 0.067
575 0.068
575 0.067
575 0.068
576 0.069
576 0.07
576 0.067
577 0.072
577 0.066
577 0.068
578 0.068
578 0.077
578 0.07
579 0.079
579 0.068
579 0.068
580 0.072
580 0.077
580 0.068
581 0.068
581 0.067
581 0.069
582 0.068
582 0.074
582 0.071
583 0.072
583 0.068
583 0.069
584 0.069
584 0.079
584 0.069
585 0.069
585 0.068
585 0.069
586 0.07
586 0.071
586 0.071
587 0.07
587 0.07
587 0.07
588 0.077
588 0.079
588 0.069
589 0.069
589 0.069
589 0.074
590 0.072
590 0.071
590 0.07
591 0.07
591 0.069
591 0.069
592 0.072
592 0.071
592 0.069
593 0.07
593 0.07
593 0.07
594 0.072
594 0.072
594 0.069
595 0.07
595 0.069
595 0.071
596 0.071
596 0.076
596 0.069
597 0.072
597 0.069
597 0.07
598 0.072
598 0.077
598 0.071
599 0.071
599 0.07
599 0.07
600 0.071
600 0.076
600 0.071
601 0.073
601 0.069
601 0.072
602 0.071
602 0.077
602 0.073
603 0.073
603 0.077
603 0.072
604 0.082
604 0.072
604 0.074
605 0.074
605 0.07
605 0.071
606 0.071
606 0.071
606 0.074
607 0.071
607 0.071
607 0.072
608 0.072
608 0.073
608 0.072
609 0.073
609 0.072
609 0.072
610 0.075
610 0.081
610 0.074
611 0.075
611 0.071
611 0.072
612 0.073
612 0.073
612 0.073
613 0.074
613 0.074
613 0.09
614 0.102
614 0.081
614 0.075
615 0.073
615 0.07
615 0.072
616 0.075
616 0.073
616 0.072
617 0.075
617 0.073
617 0.073
618 0.082
618 0.072
618 0.073
619 0.074
619 0.084
619 0.072
620 0.076
620 0.072
620 0.074
621 0.073
621 0.071
621 0.073
622 0.074
622 0.074
622 0.074
623 0.073
623 0.074
623 0.073
624 0.077
624 0.076
624 0.073
625 0.076
625 0.073
625 0.074
626 0.09
626 0.075
626 0.074
627 0.075
627 0.078
627 0.074
628 0.075
628 0.073
628 0.074
629 0.074
629 0.075
629 0.075
630 0.075
630 0.073
630 0.074
631 0.075
631 0.076
631 0.076
632 0.075
632 0.073
632 0.074
633 0.077
633 0.075
633 0.074
634 0.075
634 0.073
634 0.075
635 0.076
635 0.076
635 0.075
636 0.075
636 0.073
636 0.077
637 0.078
637 0.076
637 0.077
638 0.077
638 0.074
638 0.076
639 0.076
639 0.076
639 0.079
640 0.077
640 0.076
640 0.075
641 0.079
641 0.08
641 0.076
642 0.081
642 0.075
642 0.075
643 0.078
643 0.084
643 0.077
644 0.079
644 0.075
644 0.076
645 0.078
645 0.076
645 0.076
646 0.076
646 0.075
646 0.076
647 0.08
647 0.075
647 0.079
648 0.076
648 0.076
648 0.077
649 0.078
649 0.075
649 0.079
650 0.079
650 0.077
650 0.083
651 0.083
651 0.076
651 0.076
652 0.077
652 0.077
652 0.076
653 0.079
653 0.075
653 0.077
654 0.078
654 0.077
654 0.077
655 0.085
655 0.076
655 0.076
656 0.078
656 0.077
656 0.077
657 0.079
657 0.078
657 0.077
658 0.079
658 0.076
658 0.079
659 0.08
659 0.077
659 0.077
660 0.079
660 0.087
660 0.077
661 0.099
661 0.076
661 0.078
662 0.078
662 0.079
662 0.078
663 0.081
663 0.078
663 0.078
664 0.078
664 0.079
664 0.078
665 0.095
665 0.077
665 0.078
666 0.079
666 0.077
666 0.078
667 0.082
667 0.078
667 0.078
668 0.08
668 0.079
668 0.078
669 0.082
669 0.077
669 0.079
670 0.08
670 0.078
670 0.079
671 0.081
671 0.082
671 0.079
672 0.082
672 0.078
672 0.079
673 0.085
673 0.079
673 0.08
674 0.085
674 0.078
674 0.08
675 0.086
675 0.084
675 0.079
676 0.081
676 0.078
676 0.079
677 0.085
677 0.081
677 0.085
678 0.08
678 0.079
678 0.087
679 0.097
679 0.078
679 0.08
680 0.081
680 0.078
680 0.083
681 0.104
681 0.079
681 0.081
682 0.081
682 0.082
682 0.081
683 0.082
683 0.084
683 0.08
684 0.083
684 0.094
684 0.081
685 0.088
685 0.079
685 0.087
686 0.083
686 0.079
686 0.083
687 0.083
687 0.081
687 0.081
688 0.084
688 0.08
688 0.091
689 0.085
689 0.082
689 0.083
690 0.082
690 0.08
690 0.087
691 0.089
691 0.085
691 0.084
692 0.085
692 0.081
692 0.087
693 0.084
693 0.084
693 0.083
694 0.082
694 0.081
694 0.082
695 0.09
695 0.082
695 0.083
696 0.09
696 0.081
696 0.083
697 0.09
697 0.081
697 0.082
698 0.084
698 0.081
698 0.083
699 0.086
699 0.081
699 0.082
700 0.083
700 0.081
700 0.087
701 0.089
701 0.081
701 0.083
702 0.084
702 0.081
702 0.093
703 0.104
703 0.082
703 0.083
704 0.084
704 0.085
704 0.084
705 0.091
705 0.082
705 0.083
706 0.091
706 0.082
706 0.084
707 0.088
707 0.083
707 0.083
708 0.086
708 0.083
708 0.089
709 0.085
709 0.087
709 0.085
710 0.09
710 0.082
710 0.084
711 0.087
711 0.082
711 0.086
712 0.085
712 0.083
712 0.085
713 0.096
713 0.083
713 0.084
714 0.085
714 0.09
714 0.085
715 0.091
715 0.083
715 0.085
716 0.087
716 0.083
716 0.092
717 0.087
717 0.084
717 0.085
718 0.088
718 0.083
718 0.085
719 0.089
719 0.085
719 0.084
720 0.086
720 0.084
720 0.09
721 0.091
721 0.084
721 0.087
722 0.085
722 0.084
722 0.087
723 0.09
723 0.084
723 0.09
724 0.087
724 0.09
724 0.086
725 0.089
725 0.084
725 0.086
726 0.088
726 0.085
726 0.088
727 0.088
727 0.086
727 0.086
728 0.086
728 0.085
728 0.087
729 0.092
729 0.084
729 0.085
730 0.087
730 0.087
730 0.088
731 0.09
731 0.096
731 0.087
732 0.088
732 0.085
732 0.088
733 0.088
733 0.085
733 0.088
734 0.089
734 0.086
734 0.087
735 0.094
735 0.091
735 0.09
736 0.088
736 0.085
736 0.087
737 0.093
737 0.086
737 0.087
738 0.089
738 0.087
738 0.087
739 0.088
739 0.089
739 0.088
740 0.088
740 0.086
740 0.089
741 0.096
741 0.086
741 0.088
742 0.089
742 0.088
742 0.091
743 0.093
743 0.086
743 0.088
744 0.089
744 0.087
744 0.088
745 0.089
745 0.087
745 0.091
746 0.09
746 0.087
746 0.091
747 0.089
747 0.09
747 0.089
748 0.089
748 0.086
748 0.091
749 0.091
749 0.087
749 0.089
750 0.089
750 0.089
750 0.091
751 0.089
751 0.087
751 0.092
752 0.093
752 0.088
752 0.089
753 0.089
753 0.105
753 0.09
754 0.09
754 0.089
754 0.089
755 0.092
755 0.09
755 0.09
756 0.09
756 0.089
756 0.1
757 0.09
757 0.089
757 0.09
758 0.09
758 0.093
758 0.101
759 0.092
759 0.091
759 0.091
760 0.091
760 0.089
760 0.09
761 0.092
761 0.089
761 0.091
762 0.091
762 0.089
762 0.093
763 0.092
763 0.088
763 0.091
764 0.091
764 0.09
764 0.094
765 0.091
765 0.092
765 0.091
766 0.092
766 0.09
766 0.092
767 0.093
767 0.089
767 0.092
768 0.092
768 0.091
768 0.108
769 0.096
769 0.09
769 0.092
770 0.104
770 0.09
770 0.092
771 0.092
771 0.093
771 0.091
772 0.093
772 0.09
772 0.094
773 0.094
773 0.091
773 0.091
774 0.094
774 0.092
774 0.091
775 0.092
775 0.091
775 0.092
776 0.093
776 0.091
776 0.093
777 0.094
777 0.105
777 0.091
778 0.093
778 0.091
778 0.093
779 0.094
779 0.091
779 0.092
780 0.1
780 0.097
780 0.092
781 0.095
781 0.092
781 0.096
782 0.099
782 0.091
782 0.092
783 0.093
783 0.091
783 0.093
784 0.096
784 0.093
784 0.093
785 0.095
785 0.092
785 0.093
786 0.095
786 0.092
786 0.095
787 0.094
787 0.093
787 0.094
788 0.101
788 0.092
788 0.096
789 0.098
789 0.092
789 0.095
790 0.095
790 0.093
790 0.102
791 0.094
791 0.093
791 0.097
792 0.098
792 0.093
792 0.094
793 0.094
793 0.092
793 0.094
794 0.1
794 0.1
794 0.095
795 0.096
795 0.093
795 0.096
796 0.096
796 0.094
796 0.094
797 0.095
797 0.094
797 0.095
798 0.1
798 0.094
798 0.1
799 0.095
799 0.094
799 0.095
800 0.097
800 0.094
800 0.1
801 0.095
801 0.094
801 0.095
802 0.099
802 0.095
802 0.095
803 0.096
803 0.094
803 0.096
804 0.096
804 0.094
804 0.095
805 0.096
805 0.094
805 0.098
806 0.105
806 0.095
806 0.096
807 0.096
807 0.098
807 0.096
808 0.096
808 0.096
808 0.096
809 0.1
809 0.094
809 0.102
810 0.102
810 0.094
810 0.1
811 0.097
811 0.097
811 0.096
812 0.098
812 0.095
812 0.099
813 0.098
813 0.096
813 0.096
814 0.098
814 0.096
814 0.097
815 0.097
815 0.097
815 0.097
816 0.098
816 0.097
816 0.098
817 0.101
817 0.096
817 0.098
818 0.097
818 0.097
818 0.097
819 0.098
819 0.095
819 0.097
820 0.1
820 0.097
820 0.098
821 0.098
821 0.096
821 0.098
822 0.099
822 0.096
822 0.099
823 0.098
823 0.096
823 0.099
824 0.1
824 0.097
824 0.099
825 0.099
825 0.096
825 0.1
826 0.101
826 0.112
826 0.113
827 0.099
827 0.098
827 0.101
828 0.1
828 0.098
828 0.1
829 0.101
829 0.097
829 0.099
830 0.104
830 0.098
830 0.118
831 0.1
831 0.098
831 0.1
832 0.102
832 0.103
832 0.102
833 0.102
833 0.104
833 0.099
834 0.104
834 0.161
834 0.103
835 0.136
835 0.098
835 0.146
836 0.152
836 0.118
836 0.12
837 0.126
837 0.103
837 0.111
838 0.105
838 0.116
838 0.168
839 0.113
839 0.146
839 0.119
840 0.207
840 0.114
840 0.118
841 0.107
841 0.141
841 0.133
842 0.122
842 0.12
842 0.112
843 0.121
843 0.107
843 0.109
844 0.136
844 0.128
844 0.114
845 0.112
845 0.149
845 0.175
846 0.168
846 0.148
846 0.121
847 0.21
847 0.197
847 0.182
848 0.18
848 0.156
848 0.16
849 0.22
849 0.139
849 0.165
850 0.102
850 0.125
850 0.151
851 0.142
851 0.101
851 0.121
852 0.113
852 0.131
852 0.119
853 0.12
853 0.115
853 0.103
854 0.125
854 0.103
854 0.113
855 0.105
855 0.153
855 0.103
856 0.107
856 0.139
856 0.125
857 0.145
857 0.104
857 0.105
858 0.104
858 0.103
858 0.171
859 0.106
859 0.119
859 0.103
860 0.118
860 0.116
860 0.109
861 0.11
861 0.102
861 0.119
862 0.103
862 0.104
862 0.105
863 0.119
863 0.11
863 0.11
864 0.109
864 0.113
864 0.106
865 0.111
865 0.111
865 0.134
866 0.111
866 0.113
866 0.129
867 0.125
867 0.103
867 0.109
868 0.106
868 0.117
868 0.106
869 0.112
869 0.112
869 0.107
870 0.111
870 0.11
870 0.126
871 0.106
871 0.103
871 0.113
872 0.106
872 0.109
872 0.109
873 0.117
873 0.109
873 0.105
874 0.105
874 0.13
874 0.111
875 0.106
875 0.104
875 0.107
876 0.114
876 0.113
876 0.12
877 0.109
877 0.105
877 0.112
878 0.109
878 0.156
878 0.107
879 0.108
879 0.106
879 0.107
880 0.107
880 0.104
880 0.108
881 0.108
881 0.105
881 0.129
882 0.11
882 0.117
882 0.111
883 0.106
883 0.156
883 0.109
884 0.106
884 0.114
884 0.106
885 0.108
885 0.105
885 0.107
886 0.107
886 0.104
886 0.132
887 0.113
887 0.104
887 0.126
888 0.109
888 0.113
888 0.109
889 0.11
889 0.111
889 0.108
890 0.114
890 0.116
890 0.124
891 0.109
891 0.109
891 0.134
892 0.117
892 0.109
892 0.108
893 0.158
893 0.117
893 0.109
894 0.109
894 0.126
894 0.125
895 0.113
895 0.111
895 0.107
896 0.11
896 0.112
896 0.132
897 0.114
897 0.112
897 0.107
898 0.109
898 0.129
898 0.124
899 0.112
899 0.111
899 0.109
900 0.118
900 0.107
900 0.118
901 0.111
901 0.107
901 0.126
902 0.126
902 0.112
902 0.11
903 0.11
903 0.109
903 0.107
903 0.117
904 0.128
904 0.107
904 0.107
905 0.109
905 0.112
905 0.108
906 0.109
906 0.107
906 0.108
907 0.109
907 0.107
907 0.108
908 0.113
908 0.112
908 0.109
909 0.109
909 0.109
909 0.113
910 0.113
910 0.111
910 0.11
911 0.109
911 0.11
911 0.125
912 0.142
912 0.107
912 0.113
913 0.11
913 0.109
913 0.108
914 0.122
914 0.108
914 0.11
915 0.11
915 0.109
915 0.113
916 0.119
916 0.108
916 0.11
917 0.116
917 0.108
917 0.109
918 0.116
918 0.108
918 0.11
919 0.122
919 0.109
919 0.117
920 0.11
920 0.111
920 0.111
921 0.111
921 0.11
921 0.145
922 0.14
922 0.117
922 0.115
923 0.117
923 0.122
923 0.124
924 0.111
924 0.11
924 0.114
925 0.117
925 0.138
925 0.113
926 0.112
926 0.109
926 0.116
927 0.117
927 0.11
927 0.116
928 0.118
928 0.111
928 0.13
929 0.114
929 0.11
929 0.119
930 0.119
930 0.111
930 0.113
931 0.113
931 0.11
931 0.114
932 0.113
932 0.116
932 0.11
933 0.113
933 0.111
933 0.114
934 0.115
934 0.109
934 0.111
935 0.113
935 0.12
935 0.116
936 0.124
936 0.11
936 0.113
937 0.113
937 0.11
937 0.13
938 0.112
938 0.109
938 0.112
939 0.112
939 0.111
939 0.119
940 0.112
940 0.11
940 0.113
941 0.113
941 0.111
941 0.119
942 0.115
942 0.111
942 0.113
943 0.113
943 0.111
943 0.12
944 0.115
944 0.111
944 0.112
945 0.116
945 0.111
945 0.131
946 0.113
946 0.111
946 0.115
947 0.114
947 0.114
947 0.128
948 0.115
948 0.111
948 0.112
949 0.115
949 0.112
949 0.125
950 0.114
950 0.112
950 0.113
951 0.114
951 0.127
951 0.118
952 0.122
952 0.112
952 0.113
953 0.115
953 0.112
953 0.114
954 0.114
954 0.112
954 0.114
955 0.129
955 0.112
955 0.114
956 0.117
956 0.113
956 0.121
957 0.157
957 0.113
957 0.113
958 0.115
958 0.117
958 0.13
959 0.115
959 0.113
959 0.115
960 0.117
960 0.114
960 0.114
961 0.122
961 0.116
961 0.128
962 0.132
962 0.117
962 0.114
963 0.116
963 0.115
963 0.122
964 0.115
964 0.113
964 0.118
965 0.118
965 0.115
965 0.115
966 0.116
966 0.113
966 0.123
967 0.116
967 0.116
967 0.119
968 0.117
968 0.114
968 0.137
969 0.128
969 0.116
969 0.14
970 0.124
970 0.123
970 0.129
971 0.124
971 0.121
971 0.135
972 0.128
972 0.116
972 0.134
973 0.12
973 0.126
973 0.193
974 0.127
974 0.139
974 0.118
975 0.122
975 0.12
975 0.116
976 0.128
976 0.155
976 0.153
977 0.123
977 0.201
977 0.132
978 0.168
978 0.127
978 0.127
979 0.126
979 0.161
979 0.131
980 0.175
980 0.247
980 0.186
981 0.151
981 0.191
981 0.147
982 0.154
982 0.164
982 0.128
983 0.13
983 0.174
983 0.176
984 0.212
984 0.168
984 0.179
985 0.261
985 0.125
985 0.174
986 0.166
986 0.157
986 0.175
987 0.152
987 0.164
987 0.151
988 0.168
988 0.153
988 0.142
989 0.141
989 0.121
989 0.121
990 0.124
45000 7.158
45000 7.214
45000 7.004
45000 7.106
45001 7.46
45001 6.874
45001 7.061
45002 7.081
45002 6.884
45002 7.077
45003 7.083
45003 6.869
45003 7.053
45004 7.138
45004 6.867
45004 7.04
45005 7.111
45005 6.972
45005 7.056
45006 7.116
45006 6.859
45006 7.049
45007 7.075
45007 6.859
45007 7.055
45008 7.116
45008 6.87
45008 7.07
45009 7.11
45009 6.906
45009 7.048
45010 7.085
45010 6.868
45010 7.036
45011 7.077
45011 6.855
45011 7.05
45012 7.139
45012 6.902
45012 7.151
45013 7.123
45013 6.919
45013 7.074
45014 7.12
45014 6.869
45001 7.384
45001 7.175
45001 7.342
45002 7.543
45002 7.289
45002 8.102
45003 7.796
