100 0.001
100 0.001
100 0.002
200 0.003
200 0.002
200 0.001
300 0.002
300 0.002
300 0.002
1 0.018
1 0.004
1 0.007
2 0.003
2 0.003
2 0.002
3 0.002
3 0.001
3 0.002
4 0.002
4 0.002
4 0.002
5 0.002
5 0.002
5 0.002
6 0.002
6 0.001
6 0.001
7 0.001
7 0.001
7 0.001
8 0.002
8 0.001
8 0.001
9 0.003
9 0.001
9 0.001
10 0.002
10 0.002
10 0.001
11 0.002
11 0.002
11 0.002
12 0.002
12 0.002
12 0.002
13 0.001
13 0.002
13 0.002
1 0.001
1 0.001
1 0.001
2 0.005
2 0.001
2 0.001
3 0.002
3 0.002
3 0.001
4 0.003
4 0.002
4 0.002
5 0.001
5 0.002
5 0.002
6 0.001
6 0.001
6 0.002
7 0.002
7 0.002
7 0.001
8 0.002
8 0.002
8 0.001
9 0.002
9 0.001
9 0.001
10 0.002
10 0.001
10 0.002
11 0.003
11 0.001
11 0.002
12 0.001
12 0.002
12 0.003
13 0.001
13 0.001
13 0.001
14 0.002
14 0.001
14 0.001
15 0.002
15 0.003
15 0.001
16 0.002
16 0.002
16 0.001
17 0.002
17 0.002
17 0.002
18 0.002
18 0.001
18 0.001
19 0.002
19 0.002
19 0.001
20 0.002
20 0.001
20 0.001
21 0.002
21 0.003
21 0.001
22 0.002
22 0.001
22 0.002
23 0.003
23 0.002
23 0.001
24 0.001
24 0.001
24 0.002
25 0.003
25 0.002
25 0.001
26 0.002
26 0.001
26 0.002
27 0.001
27 0.001
27 0.002
28 0.003
28 0.001
28 0.002
29 0.001
29 0.002
29 0.001
30 0.001
30 0.003
30 0.002
31 0.001
31 0.002
31 0.002
32 0.001
32 0.001
32 0.001
33 0.002
33 0.001
33 0.001
34 0.001
34 0.002
34 0.002
35 0.001
35 0.002
35 0.001
36 0.002
36 0.002
36 0.001
37 0.002
37 0.002
37 0.002
38 0.001
38 0.001
38 0.001
1 0.002
1 0.003
1 0.002
2 0.001
2 0.001
2 0.001
3 0.001
3 0.001
3 0.001
4 0.002
4 0.001
4 0.002
5 0.002
5 0.002
5 0.002
6 0.004
6 0.002
6 0.001
7 0.002
7 0.002
7 0.001
8 0.001
8 0.001
8 0.002
9 0.001
9 0.002
9 0.002
10 0.001
10 0.001
10 0.002
11 0.002
11 0.003
11 0.001
12 0.002
12 0.002
12 0.001
13 0.002
13 0.002
13 0.001
14 0.001
14 0.001
14 0.002
15 0.002
15 0.002
15 0.001
16 0.001
16 0.003
16 0.001
17 0.002
17 0.001
17 0.001
18 0.001
18 0.001
18 0.003
19 0.004
19 0.001
19 0.001
20 0.001
20 0.001
20 0.003
21 0.001
21 0.003
21 0.002
22 0.002
22 0.003
22 0.001
23 0.003
23 0.002
23 0.002
24 0.003
24 0.002
24 0.002
25 0.003
25 0.002
25 0.002
26 0.002
26 0.001
26 0.001
27 0.001
27 0.003
27 0.004
28 0.001
28 0.001
28 0.002
29 0.001
29 0.003
29 0.002
30 0.001
30 0.001
30 0.001
31 0.002
31 0.001
31 0.002
32 0.002
32 0.002
32 0.001
33 0.002
33 0.001
33 0.001
34 0.002
34 0.002
34 0.002
35 0.001
35 0.003
35 0.001
36 0.001
36 0.002
36 0.003
37 0.001
37 0.001
37 0.002
38 0.002
38 0.002
38 0.002
39 0.002
39 0.002
39 0.002
40 0.001
40 0.002
40 0.003
41 0.002
41 0.003
41 0.001
42 0.002
42 0.001
42 0.001
43 0.002
43 0.003
43 0.002
44 0.002
44 0.002
44 0.002
45 0.002
45 0.001
45 0.003
46 0.001
46 0.002
46 0.002
47 0.002
47 0.002
47 0.002
48 0.002
48 0.002
48 0.002
49 0.002
49 0.002
49 0.001
50 0.001
50 0.001
50 0.002
51 0.002
51 0.001
51 0.004
52 0.002
52 0.002
52 0.001
53 0.001
53 0.001
53 0.001
54 0.001
54 0.001
54 0.001
55 0.001
55 0.002
55 0.001
56 0.002
56 0.002
56 0.002
57 0.003
57 0.002
57 0.002
58 0.002
58 0.001
58 0.001
59 0.002
59 0.001
59 0.001
60 0.003
60 0.002
60 0.002
61 0.002
61 0.001
61 0.002
62 0.002
62 0.002
62 0.002
63 0.002
63 0.002
63 0.002
64 0.002
64 0.002
64 0.002
65 0.001
65 0.002
65 0.001
66 0.002
66 0.001
66 0.002
67 0.002
67 0.001
67 0.001
68 0.001
68 0.001
68 0.002
69 0.002
69 0.002
69 0.002
70 0.004
70 0.001
70 0.002
71 0.001
71 0.001
71 0.002
72 0.001
72 0.003
72 0.001
73 0.001
73 0.002
73 0.001
74 0.001
74 0.002
74 0.002
75 0.001
75 0.001
75 0.001
76 0.001
76 0.001
76 0.002
77 0.001
77 0.002
77 0.002
78 0.002
78 0.001
78 0.001
79 0.001
79 0.001
79 0.001
80 0.002
80 0.002
80 0.001
81 0.001
81 0.003
81 0.001
82 0.002
82 0.002
82 0.003
83 0.002
83 0.001
83 0.001
84 0.001
84 0.002
84 0.002
85 0.002
85 0.001
85 0.001
86 0.004
86 0.001
86 0.003
87 0.002
87 0.002
87 0.002
88 0.002
88 0.001
88 0.001
89 0.003
89 0.002
89 0.001
90 0.001
90 0.001
90 0.002
91 0.003
91 0.002
91 0.001
92 0.001
92 0.002
92 0.001
93 0.001
93 0.002
93 0.004
94 0.005
94 0.001
94 0.001
95 0.001
95 0.001
95 0.001
96 0.003
96 0.001
96 0.001
97 0.001
97 0.002
97 0.002
98 0.002
98 0.002
98 0.001
99 0.003
99 0.003
99 0.001
100 0.002
100 0.003
100 0.001
101 0.001
101 0.002
101 0.001
102 0.002
102 0.001
102 0.002
103 0.001
103 0.003
103 0.002
104 0.003
104 0.001
104 0.001
105 0.004
105 0.002
105 0.002
106 0.002
106 0.002
106 0.002
107 0.003
107 0.002
107 0.002
108 0.001
108 0.002
108 0.001
109 0.002
109 0.002
109 0.001
110 0.002
110 0.002
110 0.003
111 0.003
111 0.001
111 0.001
112 0.003
112 0.001
112 0.001
113 0.003
113 0.002
113 0.002
114 0.002
114 0.001
114 0.002
115 0.002
115 0.001
115 0.002
116 0.003
116 0.002
116 0.002
117 0.002
117 0.001
117 0.002
118 0.002
118 0.002
118 0.002
119 0.002
119 0.002
119 0.001
120 0.002
120 0.001
120 0.002
121 0.001
121 0.002
121 0.002
122 0.002
122 0.001
122 0.002
123 0.001
123 0.002
123 0.001
124 0.001
124 0.001
124 0.001
125 0.002
125 0.001
125 0.001
126 0.003
126 0.001
126 0.001
127 0.002
127 0.003
127 0.001
128 0.002
128 0.001
128 0.001
129 0.001
129 0.002
129 0.001
130 0.003
130 0.001
130 0.001
131 0.002
131 0.001
131 0.001
132 0.002
132 0.001
132 0.002
133 0.002
133 0.001
133 0.001
134 0.002
134 0.002
134 0.002
135 0.001
135 0.002
135 0.001
136 0.001
136 0.001
136 0.001
137 0.002
137 0.001
137 0.001
138 0.002
138 0.001
138 0.005
139 0.001
139 0.001
139 0.001
140 0.001
140 0.001
140 0.001
141 0.002
141 0.001
141 0.002
142 0.001
142 0.002
142 0.002
143 0.002
143 0.002
143 0.003
144 0.001
144 0.002
144 0.002
145 0.002
145 0.002
145 0.001
146 0.002
146 0.003
146 0.002
147 0.002
147 0.001
147 0.001
148 0.001
148 0.002
148 0.002
149 0.002
149 0.001
149 0.001
150 0.002
150 0.002
150 0.001
151 0.001
151 0.001
151 0.001
152 0.002
152 0.001
152 0.002
153 0.002
153 0.001
153 0.002
154 0.003
154 0.001
154 0.001
155 0.002
155 0.001
155 0.002
156 0.002
156 0.001
156 0.001
157 0.002
157 0.001
157 0.001
158 0.001
158 0.002
158 0.001
159 0.001
159 0.001
159 0.002
160 0.002
160 0.002
160 0.001
161 0.001
161 0.002
161 0.003
162 0.001
162 0.002
162 0.002
163 0.001
163 0.002
163 0.001
164 0.002
164 0.001
164 0.002
165 0.002
165 0.002
165 0.001
166 0.003
166 0.001
166 0.002
167 0.001
167 0.002
167 0.001
168 0.001
168 0.001
168 0.001
169 0.001
169 0.001
169 0.002
170 0.002
170 0.002
170 0.002
171 0.002
171 0.001
171 0.001
172 0.001
172 0.002
172 0.001
173 0.001
173 0.002
173 0.002
174 0.002
174 0.001
174 0.002
175 0.002
175 0.001
175 0.002
176 0.002
176 0.001
176 0.002
177 0.001
177 0.002
177 0.001
178 0.002
178 0.003
178 0.002
179 0.001
179 0.002
179 0.001
180 0.001
180 0.002
180 0.001
181 0.002
181 0.001
181 0.002
182 0.002
182 0.002
182 0.001
183 0.002
183 0.002
183 0.001
184 0.002
184 0.001
184 0.002
185 0.002
185 0.002
185 0.003
186 0.002
186 0.002
186 0.002
187 0.001
187 0.001
187 0.001
188 0.001
188 0.001
188 0.001
189 0.002
189 0.002
189 0.002
190 0.002
190 0.001
190 0.002
191 0.002
191 0.003
191 0.002
192 0.001
192 0.001
192 0.032
193 0.001
193 0.001
193 0.002
194 0.002
194 0.001
194 0.002
195 0.002
195 0.002
195 0.002
196 0.002
196 0.001
196 0.001
197 0.002
197 0.002
197 0.002
198 0.001
198 0.001
198 0.002
199 0.001
199 0.001
199 0.001
200 0.002
200 0.001
200 0.002
201 0.002
201 0.002
201 0.001
202 0.001
202 0.002
202 0.001
203 0.002
203 0.002
203 0.001
204 0.002
204 0.002
204 0.002
205 0.002
205 0.001
205 0.002
206 0.001
206 0.001
206 0.002
207 0.002
207 0.002
207 0.002
208 0.002
208 0.002
208 0.001
209 0.002
209 0.002
209 0.002
210 0.002
210 0.002
210 0.002
211 0.001
211 0.002
211 0.001
212 0.001
212 0.002
212 0.001
213 0.002
213 0.002
213 0.002
214 0.001
214 0.002
214 0.001
215 0.003
215 0.001
215 0.002
216 0.002
216 0.002
216 0.002
217 0.002
217 0.002
217 0.001
218 0.001
218 0.002
218 0.002
219 0.002
219 0.002
219 0.001
220 0.002
220 0.001
220 0.002
221 0.001
221 0.002
221 0.002
222 0.001
222 0.002
222 0.002
223 0.002
223 0.002
223 0.002
224 0.002
224 0.001
224 0.001
225 0.001
225 0.001
225 0.003
226 0.001
226 0.001
226 0.001
227 0.002
227 0.002
227 0.002
228 0.002
228 0.002
228 0.002
229 0.001
229 0.002
229 0.002
230 0.001
230 0.002
230 0.001
231 0.002
231 0.002
231 0.002
232 0.002
232 0.002
232 0.002
233 0.002
233 0.002
233 0.001
234 0.002
234 0.002
234 0.002
235 0.002
235 0.002
235 0.001
236 0.001
236 0.001
236 0.001
237 0.001
237 0.002
237 0.001
238 0.001
238 0.001
238 0.002
239 0.001
239 0.002
239 0.002
240 0.001
240 0.001
240 0.001
241 0.001
241 0.001
241 0.002
242 0.001
242 0.002
242 0.003
243 0.002
243 0.002
243 0.002
244 0.001
244 0.002
244 0.001
245 0.001
245 0.001
245 0.001
246 0.002
246 0.001
246 0.001
247 0.002
247 0.001
247 0.001
248 0.002
248 0.002
248 0.002
249 0.002
249 0.002
249 0.002
250 0.001
250 0.002
250 0.001
251 0.002
251 0.002
251 0.002
252 0.002
252 0.002
252 0.002
253 0.002
253 0.002
253 0.002
254 0.001
254 0.003
254 0.002
255 0.002
255 0.001
255 0.001
256 0.002
256 0.001
256 0.002
257 0.002
257 0.002
257 0.002
258 0.002
258 0.001
258 0.002
259 0.002
259 0.002
259 0.002
260 0.002
260 0.002
260 0.001
261 0.002
261 0.002
261 0.002
262 0.002
262 0.002
262 0.001
263 0.002
263 0.002
263 0.001
264 0.002
264 0.001
264 0.002
265 0.001
265 0.001
265 0.001
266 0.001
266 0.001
266 0.002
267 0.002
267 0.002
267 0.001
268 0.001
268 0.001
268 0.001
269 0.001
269 0.002
269 0.002
270 0.002
270 0.001
270 0.002
271 0.002
271 0.002
271 0.001
280 0.001
280 0.002
280 0.002
281 0.002
281 0.001
281 0.001
282 0.002
282 0.001
280 0.002
280 0.001
280 0.001
281 0.001
281 0.001
281 0.002
282 0.001
282 0.002
282 0.002
283 0.002
283 0.002
283 0.001
284 0.002
284 0.002
284 0.002
285 0.001
285 0.002
285 0.002
286 0.002
286 0.002
286 0.002
287 0.002
287 0.002
287 0.001
288 0.002
288 0.001
288 0.002
289 0.002
289 0.002
289 0.002
290 0.002
290 0.001
290 0.002
291 0.001
291 0.001
291 0.002
292 0.001
292 0.002
292 0.001
293 0.002
293 0.001
293 0.002
294 0.002
294 0.001
294 0.002
295 0.002
295 0.002
295 0.002
296 0.001
296 0.001
296 0.002
297 0.001
297 0.001
297 0.001
298 0.001
298 0.002
298 0.001
299 0.001
299 0.001
299 0.002
300 0.002
300 0.002
300 0.001
301 0.002
301 0.001
301 0.001
302 0.002
302 0.002
302 0.001
303 0.002
303 0.001
303 0.001
304 0.001
304 0.001
304 0.004
305 0.002
305 0.002
305 0.002
306 0.002
306 0.001
306 0.001
307 0.001
307 0.001
307 0.001
308 0.002
308 0.001
308 0.002
309 0.002
309 0.002
309 0.002
310 0.001
310 0.002
310 0.003
311 0.001
311 0.002
311 0.002
312 0.001
312 0.001
312 0.002
313 0.001
313 0.002
313 0.002
314 0.001
314 0.002
314 0.002
315 0.002
315 0.002
315 0.001
316 0.002
316 0.002
316 0.001
317 0.002
317 0.001
317 0.001
318 0.002
318 0.001
318 0.001
319 0.002
319 0.001
319 0.002
320 0.002
320 0.002
320 0.002
321 0.001
321 0.001
321 0.002
322 0.002
322 0.002
322 0.002
323 0.002
323 0.002
323 0.002
324 0.002
324 0.001
324 0.001
325 0.003
325 0.002
325 0.002
326 0.002
326 0.001
326 0.002
327 0.002
327 0.002
327 0.002
328 0.001
328 0.001
328 0.001
329 0.002
329 0.002
329 0.002
330 0.001
330 0.002
330 0.002
331 0.002
331 0.001
331 0.002
332 0.002
332 0.002
332 0.002
333 0.002
333 0.002
333 0.001
334 0.002
334 0.002
334 0.002
335 0.001
335 0.002
335 0.001
336 0.002
336 0.001
336 0.002
337 0.001
337 0.002
337 0.002
338 0.002
338 0.001
338 0.001
339 0.001
339 0.001
339 0.001
340 0.001
340 0.001
340 0.002
341 0.002
341 0.001
341 0.001
342 0.002
342 0.001
342 0.001
343 0.002
343 0.002
343 0.002
344 0.002
344 0.001
344 0.001
345 0.002
345 0.001
345 0.001
346 0.001
346 0.001
346 0.002
347 0.002
347 0.001
347 0.001
348 0.002
348 0.002
348 0.002
349 0.001
349 0.002
349 0.001
350 0.002
350 0.001
350 0.002
351 0.001
351 0.002
351 0.001
352 0.002
352 0.002
352 0.002
353 0.002
353 0.001
353 0.001
354 0.002
354 0.002
354 0.002
355 0.002
355 0.002
355 0.002
356 0.001
356 0.002
356 0.001
357 0.002
357 0.002
357 0.001
358 0.002
358 0.001
358 0.002
359 0.002
359 0.001
359 0.002
360 0.002
360 0.002
360 0.001
361 0.002
361 0.001
361 0.002
362 0.002
362 0.001
362 0.002
363 0.002
363 0.002
363 0.001
364 0.002
364 0.002
364 0.003
365 0.002
365 0.001
365 0.002
366 0.002
366 0.001
366 0.002
367 0.002
367 0.002
367 0.002
368 0.002
368 0.002
368 0.001
369 0.001
369 0.002
369 0.002
370 0.002
370 0.002
370 0.002
371 0.002
371 0.003
371 0.002
372 0.002
372 0.001
372 0.002
373 0.002
373 0.002
373 0.002
374 0.002
374 0.001
374 0.002
375 0.005
375 0.001
375 0.003
376 0.002
376 0.002
376 0.002
377 0.001
377 0.002
377 0.002
378 0.003
378 0.002
378 0.002
379 0.002
379 0.002
379 0.002
380 0.002
380 0.001
380 0.002
381 0.002
381 0.002
381 0.002
382 0.002
382 0.002
382 0.001
383 0.002
383 0.001
383 0.001
384 0.001
384 0.002
384 0.001
385 0.002
385 0.002
385 0.001
386 0.002
386 0.002
386 0.001
387 0.001
387 0.002
387 0.002
388 0.002
388 0.002
388 0.003
389 0.001
389 0.001
389 0.002
390 0.002
390 0.002
390 0.002
391 0.001
391 0.002
391 0.002
392 0.002
392 0.002
392 0.002
393 0.001
393 0.002
393 0.001
394 0.002
394 0.002
394 0.001
395 0.002
395 0.002
395 0.002
396 0.001
396 0.002
396 0.001
397 0.002
397 0.001
397 0.002
398 0.002
398 0.001
398 0.002
399 0.002
399 0.002
399 0.002
400 0.002
400 0.001
400 0.001
401 0.001
401 0.002
401 0.002
402 0.002
402 0.001
402 0.002
403 0.001
403 0.002
403 0.001
404 0.002
404 0.002
404 0.002
405 0.002
405 0.002
405 0.002
406 0.002
406 0.002
406 0.001
407 0.003
407 0.001
407 0.001
408 0.002
408 0.002
408 0.001
409 0.002
409 0.002
409 0.002
410 0.002
410 0.001
410 0.002
411 0.001
411 0.002
411 0.002
412 0.002
412 0.001
412 0.001
413 0.003
413 0.002
413 0.002
414 0.002
414 0.002
414 0.003
415 0.002
415 0.002
415 0.002
416 0.002
416 0.002
416 0.002
417 0.002
417 0.002
417 0.001
418 0.002
418 0.001
418 0.001
419 0.002
419 0.005
419 0.001
420 0.001
420 0.001
420 0.007
421 0.002
421 0.001
421 0.002
422 0.002
422 0.001
422 0.002
423 0.002
423 0.002
423 0.001
424 0.002
424 0.002
424 0.002
425 0.002
425 0.002
425 0.002
426 0.003
426 0.002
426 0.002
427 0.002
427 0.002
427 0.001
428 0.002
428 0.001
428 0.002
429 0.002
429 0.002
429 0.001
430 0.002
430 0.001
430 0.001
431 0.002
431 0.002
431 0.002
432 0.002
432 0.002
432 0.002
433 0.001
433 0.002
433 0.002
434 0.002
434 0.002
434 0.002
435 0.002
435 0.002
435 0.002
436 0.002
436 0.001
436 0.002
437 0.002
437 0.002
437 0.002
438 0.001
438 0.002
438 0.002
439 0.002
439 0.002
439 0.002
440 0.002
440 0.002
440 0.002
441 0.002
441 0.002
441 0.001
442 0.001
442 0.002
442 0.002
443 0.002
443 0.002
443 0.001
444 0.002
444 0.002
444 0.002
445 0.002
445 0.002
445 0.002
446 0.002
446 0.001
446 0.001
447 0.003
447 0.002
447 0.002
448 0.003
448 0.002
448 0.002
449 0.001
449 0.001
449 0.002
450 0.002
450 0.002
450 0.001
451 0.002
451 0.002
451 0.002
452 0.002
452 0.001
452 0.002
453 0.002
453 0.001
453 0.001
454 0.002
454 0.001
454 0.003
455 0.002
455 0.003
455 0.002
456 0.001
456 0.002
456 0.002
457 0.002
457 0.002
457 0.002
458 0.002
458 0.001
458 0.002
459 0.002
459 0.002
459 0.002
460 0.001
460 0.002
460 0.001
461 0.001
461 0.001
461 0.001
462 0.002
462 0.001
462 0.001
463 0.001
463 0.002
463 0.002
464 0.002
464 0.001
464 0.002
465 0.003
465 0.001
465 0.001
466 0.002
466 0.001
466 0.001
467 0.002
467 0.002
467 0.002
468 0.002
468 0.002
468 0.001
469 0.001
469 0.002
469 0.001
470 0.002
470 0.001
470 0.001
471 0.002
471 0.001
471 0.002
472 0.002
472 0.002
472 0.002
473 0.002
473 0.002
473 0.001
474 0.002
474 0.001
474 0.002
475 0.001
475 0.001
475 0.002
476 0.002
476 0.002
476 0.002
477 0.002
477 0.001
477 0.002
478 0.002
478 0.002
478 0.002
479 0.003
479 0.002
479 0.001
480 0.003
480 0.002
480 0.002
481 0.002
481 0.002
481 0.001
482 0.003
482 0.001
482 0.002
483 0.001
483 0.001
483 0.001
484 0.001
484 0.002
484 0.001
485 0.002
485 0.002
485 0.001
486 0.002
486 0.001
486 0.002
487 0.002
487 0.001
487 0.001
488 0.002
488 0.002
488 0.001
489 0.002
489 0.001
489 0.002
490 0.002
490 0.001
490 0.002
491 0.002
491 0.002
491 0.002
492 0.002
492 0.002
492 0.002
493 0.002
493 0.002
493 0.002
494 0.002
494 0.002
494 0.001
495 0.002
495 0.002
495 0.002
496 0.001
496 0.001
496 0.002
497 0.003
497 0.002
497 0.002
498 0.002
498 0.002
498 0.002
499 0.001
499 0.002
499 0.002
500 0.002
500 0.002
500 0.001
501 0.001
501 0.001
501 0.001
502 0.002
502 0.002
502 0.002
503 0.002
503 0.001
503 0.002
504 0.002
504 0.003
504 0.002
505 0.002
505 0.002
505 0.003
506 0.001
506 0.002
506 0.002
507 0.002
507 0.002
507 0.003
508 0.002
508 0.002
508 0.002
509 0.002
509 0.002
509 0.002
510 0.001
510 0.001
510 0.002
511 0.002
511 0.002
511 0.002
512 0.002
512 0.002
512 0.002
513 0.002
513 0.002
513 0.002
514 0.002
514 0.002
514 0.002
515 0.002
515 0.001
515 0.002
516 0.002
516 0.002
516 0.001
517 0.002
517 0.001
517 0.002
518 0.002
518 0.002
518 0.002
519 0.002
519 0.002
519 0.001
520 0.002
520 0.001
520 0.002
521 0.002
521 0.002
521 0.002
522 0.002
522 0.001
522 0.001
523 0.002
523 0.001
523 0.002
524 0.002
524 0.001
524 0.002
525 0.003
525 0.002
525 0.002
526 0.002
526 0.002
526 0.001
527 0.003
527 0.002
527 0.001
528 0.002
528 0.002
528 0.002
529 0.002
529 0.001
529 0.002
530 0.002
530 0.002
530 0.002
531 0.002
531 0.002
531 0.002
532 0.002
532 0.002
532 0.001
533 0.002
533 0.001
533 0.001
534 0.002
534 0.002
534 0.002
535 0.001
535 0.001
535 0.002
536 0.002
536 0.002
536 0.001
537 0.001
537 0.002
537 0.002
538 0.002
538 0.002
538 0.002
539 0.002
539 0.003
539 0.002
540 0.002
540 0.001
540 0.002
541 0.002
541 0.002
541 0.002
542 0.002
542 0.001
542 0.001
543 0.001
543 0.002
543 0.002
544 0.002
544 0.002
544 0.003
545 0.002
545 0.001
545 0.001
546 0.003
546 0.001
546 0.001
547 0.002
547 0.002
547 0.002
548 0.002
548 0.002
548 0.002
549 0.001
549 0.002
549 0.002
550 0.002
550 0.002
550 0.001
551 0.002
551 0.002
551 0.002
552 0.002
552 0.002
552 0.002
553 0.002
553 0.002
553 0.001
554 0.002
554 0.002
554 0.001
555 0.002
555 0.002
555 0.001
556 0.002
556 0.002
556 0.002
557 0.001
557 0.002
557 0.002
558 0.002
558 0.002
558 0.001
559 0.001
559 0.002
559 0.001
560 0.003
560 0.002
560 0.002
561 0.002
561 0.002
561 0.002
562 0.003
562 0.002
562 0.001
563 0.003
563 0.002
563 0.002
564 0.001
564 0.002
564 0.001
565 0.001
565 0.002
565 0.002
566 0.002
566 0.002
566 0.002
567 0.002
567 0.002
567 0.002
568 0.002
568 0.001
568 0.001
569 0.002
569 0.002
569 0.002
570 0.002
570 0.002
570 0.001
571 0.002
571 0.002
571 0.002
572 0.002
572 0.002
572 0.002
573 0.001
573 0.002
573 0.001
574 0.002
574 0.002
574 0.002
575 0.003
575 0.001
575 0.002
576 0.002
576 0.003
576 0.001
577 0.002
577 0.002
577 0.002
578 0.002
578 0.002
578 0.002
579 0.001
579 0.002
579 0.002
580 0.002
580 0.003
580 0.003
581 0.003
581 0.002
581 0.002
582 0.001
582 0.002
582 0.002
583 0.002
583 0.002
583 0.002
584 0.002
584 0.001
584 0.002
585 0.002
585 0.002
585 0.002
586 0.002
586 0.002
586 0.002
587 0.002
587 0.002
587 0.002
588 0.002
588 0.002
588 0.002
589 0.002
589 0.001
589 0.002
590 0.002
590 0.001
590 0.002
591 0.002
591 0.002
591 0.002
592 0.002
592 0.002
592 0.002
593 0.001
593 0.002
593 0.002
594 0.002
594 0.002
594 0.003
595 0.001
595 0.002
595 0.001
596 0.002
596 0.001
596 0.002
597 0.002
597 0.002
597 0.002
598 0.002
598 0.001
598 0.002
599 0.002
599 0.002
599 0.002
600 0.002
600 0.002
600 0.002
601 0.002
601 0.002
601 0.002
602 0.002
602 0.002
602 0.002
603 0.002
603 0.002
603 0.002
604 0.002
604 0.002
604 0.002
605 0.002
605 0.002
605 0.001
606 0.002
606 0.002
606 0.002
607 0.003
607 0.002
607 0.001
608 0.003
608 0.002
608 0.002
609 0.002
609 0.001
609 0.001
610 0.003
610 0.002
610 0.002
611 0.001
611 0.002
611 0.002
612 0.001
612 0.002
612 0.002
613 0.002
613 0.002
613 0.002
614 0.002
614 0.002
614 0.002
615 0.001
615 0.002
615 0.002
616 0.002
616 0.002
616 0.002
617 0.002
617 0.002
617 0.002
618 0.003
618 0.002
618 0.002
619 0.001
619 0.001
619 0.002
620 0.003
620 0.001
620 0.002
621 0.002
621 0.001
621 0.002
622 0.002
622 0.002
622 0.001
623 0.002
623 0.002
623 0.002
624 0.002
624 0.002
624 0.002
625 0.002
625 0.002
625 0.002
626 0.002
626 0.001
626 0.003
627 0.002
627 0.002
627 0.002
628 0.002
628 0.001
628 0.003
629 0.002
629 0.001
629 0.002
630 0.002
630 0.001
630 0.002
631 0.002
631 0.002
631 0.001
632 0.002
632 0.002
632 0.002
633 0.003
633 0.002
633 0.002
634 0.002
634 0.002
634 0.001
635 0.002
635 0.002
635 0.002
636 0.002
636 0.002
636 0.002
637 0.002
637 0.002
637 0.002
638 0.002
638 0.001
638 0.002
639 0.002
639 0.002
639 0.003
640 0.002
640 0.002
640 0.002
641 0.002
641 0.002
641 0.002
642 0.001
642 0.001
642 0.002
643 0.002
643 0.002
643 0.002
644 0.001
644 0.002
644 0.002
645 0.003
645 0.002
645 0.002
646 0.002
646 0.002
646 0.002
647 0.002
647 0.001
647 0.002
648 0.003
648 0.002
648 0.002
649 0.003
649 0.002
649 0.002
650 0.003
650 0.002
650 0.001
651 0.002
651 0.002
651 0.002
652 0.002
652 0.002
652 0.002
653 0.002
653 0.002
653 0.002
654 0.002
654 0.002
654 0.001
655 0.002
655 0.002
655 0.002
656 0.002
656 0.002
656 0.002
657 0.002
657 0.002
657 0.002
658 0.002
658 0.002
658 0.002
659 0.003
659 0.001
659 0.002
660 0.002
660 0.002
660 0.002
661 0.002
661 0.001
661 0.002
662 0.002
662 0.002
662 0.001
663 0.002
663 0.002
663 0.002
664 0.003
664 0.002
664 0.002
665 0.002
665 0.002
665 0.002
666 0.002
666 0.002
666 0.002
667 0.002
667 0.003
667 0.002
668 0.002
668 0.002
668 0.002
669 0.002
669 0.001
669 0.002
670 0.002
670 0.002
670 0.002
671 0.002
671 0.002
671 0.002
672 0.002
672 0.002
672 0.002
673 0.002
673 0.002
673 0.001
674 0.002
674 0.002
674 0.001
675 0.002
675 0.001
675 0.001
676 0.002
676 0.002
676 0.002
677 0.002
677 0.002
677 0.001
678 0.002
678 0.002
678 0.002
679 0.003
679 0.002
679 0.002
680 0.002
680 0.002
680 0.002
681 0.002
681 0.002
681 0.002
682 0.002
682 0.002
682 0.002
683 0.002
683 0.002
683 0.002
684 0.002
684 0.002
684 0.002
685 0.002
685 0.002
685 0.002
686 0.002
686 0.003
686 0.002
687 0.002
687 0.002
687 0.002
688 0.003
688 0.001
688 0.002
689 0.002
689 0.002
689 0.002
690 0.002
690 0.002
690 0.002
691 0.002
691 0.002
691 0.002
692 0.002
692 0.002
692 0.002
693 0.002
693 0.002
693 0.002
694 0.003
694 0.002
694 0.001
695 0.002
695 0.001
695 0.002
696 0.002
696 0.003
696 0.002
697 0.002
697 0.003
697 0.001
698 0.002
698 0.002
698 0.002
699 0.002
699 0.002
699 0.002
700 0.002
700 0.002
700 0.003
701 0.002
701 0.002
701 0.002
702 0.001
702 0.002
702 0.001
703 0.002
703 0.002
703 0.002
704 0.002
704 0.002
704 0.002
705 0.002
705 0.002
705 0.002
706 0.002
706 0.002
706 0.002
707 0.002
707 0.002
707 0.001
708 0.002
708 0.002
708 0.002
709 0.001
709 0.002
709 0.002
710 0.002
710 0.002
710 0.003
711 0.002
711 0.002
711 0.002
712 0.002
712 0.002
712 0.002
713 0.002
713 0.002
713 0.002
714 0.002
714 0.002
714 0.002
715 0.002
715 0.002
715 0.002
716 0.002
716 0.002
716 0.003
717 0.002
717 0.002
717 0.003
718 0.002
718 0.002
718 0.001
719 0.002
719 0.002
719 0.002
720 0.002
720 0.002
720 0.002
721 0.002
721 0.001
721 0.002
722 0.002
722 0.002
722 0.003
723 0.002
723 0.002
723 0.001
724 0.002
724 0.002
724 0.002
725 0.002
725 0.001
725 0.002
726 0.002
726 0.001
726 0.002
727 0.002
727 0.002
727 0.001
728 0.002
728 0.002
728 0.002
729 0.002
729 0.002
729 0.002
730 0.003
730 0.002
730 0.002
731 0.002
731 0.002
731 0.002
732 0.002
732 0.001
732 0.002
733 0.002
733 0.002
733 0.002
734 0.002
734 0.002
734 0.002
735 0.002
735 0.002
735 0.003
736 0.002
736 0.002
736 0.003
737 0.002
737 0.002
737 0.002
738 0.002
738 0.002
738 0.002
739 0.002
739 0.002
739 0.002
740 0.002
740 0.002
740 0.002
741 0.003
741 0.002
741 0.002
742 0.002
742 0.003
742 0.002
743 0.002
743 0.002
743 0.001
744 0.002
744 0.002
744 0.002
745 0.002
745 0.002
745 0.002
746 0.002
746 0.002
746 0.002
747 0.002
747 0.002
747 0.001
748 0.002
748 0.002
748 0.002
749 0.002
749 0.001
749 0.002
750 0.002
750 0.002
750 0.002
751 0.002
751 0.002
751 0.002
752 0.002
752 0.002
752 0.002
753 0.002
753 0.002
753 0.002
754 0.003
754 0.002
754 0.002
755 0.002
755 0.001
755 0.002
756 0.002
756 0.002
756 0.003
757 0.003
757 0.002
757 0.002
758 0.002
758 0.002
758 0.002
759 0.002
759 0.002
759 0.001
760 0.003
760 0.002
760 0.002
761 0.003
761 0.002
761 0.002
762 0.003
762 0.002
762 0.001
763 0.002
763 0.002
763 0.002
764 0.002
764 0.002
764 0.002
765 0.002
765 0.003
765 0.002
766 0.002
766 0.002
766 0.002
767 0.002
767 0.002
767 0.002
768 0.002
768 0.002
768 0.002
769 0.002
769 0.001
769 0.002
770 0.002
770 0.002
770 0.002
771 0.003
771 0.002
771 0.002
772 0.002
772 0.002
772 0.002
773 0.002
773 0.002
773 0.002
774 0.002
774 0.002
774 0.001
775 0.002
775 0.002
775 0.002
776 0.002
776 0.002
776 0.002
777 0.003
777 0.002
777 0.002
778 0.002
778 0.002
778 0.002
779 0.002
779 0.002
779 0.002
780 0.002
780 0.002
780 0.002
781 0.001
781 0.002
781 0.003
782 0.002
782 0.003
782 0.002
783 0.002
783 0.003
783 0.002
784 0.002
784 0.002
784 0.002
785 0.002
785 0.002
785 0.002
786 0.003
786 0.002
786 0.001
787 0.002
787 0.002
787 0.002
788 0.005
788 0.002
788 0.001
789 0.002
789 0.003
789 0.002
790 0.002
790 0.002
790 0.002
791 0.002
791 0.002
791 0.002
792 0.003
792 0.002
792 0.002
793 0.002
793 0.002
793 0.002
794 0.002
794 0.002
794 0.002
795 0.002
795 0.002
795 0.003
796 0.003
796 0.001
796 0.002
797 0.002
797 0.002
797 0.002
798 0.002
798 0.002
798 0.002
799 0.003
799 0.001
799 0.002
800 0.002
800 0.002
800 0.003
801 0.002
801 0.002
801 0.002
802 0.003
802 0.002
802 0.002
803 0.002
803 0.002
803 0.002
804 0.002
804 0.002
804 0.002
805 0.002
805 0.002
805 0.002
806 0.002
806 0.002
806 0.002
807 0.002
807 0.002
807 0.003
808 0.002
808 0.002
808 0.003
809 0.002
809 0.002
809 0.002
810 0.003
810 0.001
810 0.002
811 0.003
811 0.002
811 0.003
812 0.002
812 0.002
812 0.002
813 0.002
813 0.002
813 0.002
814 0.002
814 0.002
814 0.003
815 0.002
815 0.002
815 0.002
816 0.003
816 0.002
816 0.003
817 0.003
817 0.002
817 0.002
818 0.003
818 0.002
818 0.002
819 0.002
819 0.002
819 0.002
820 0.002
820 0.002
820 0.002
821 0.002
821 0.002
821 0.002
822 0.002
822 0.002
822 0.002
823 0.002
823 0.003
823 0.002
824 0.003
824 0.002
824 0.002
825 0.002
825 0.003
825 0.002
826 0.003
826 0.002
826 0.002
827 0.002
827 0.002
827 0.002
828 0.002
828 0.001
828 0.003
829 0.002
829 0.002
829 0.001
830 0.003
830 0.002
830 0.003
831 0.002
831 0.003
831 0.002
832 0.003
832 0.002
832 0.002
833 0.002
833 0.002
833 0.001
834 0.002
834 0.002
834 0.002
835 0.002
835 0.002
835 0.002
836 0.003
836 0.002
836 0.003
837 0.002
837 0.003
837 0.001
838 0.003
838 0.003
838 0.005
839 0.003
839 0.002
839 0.002
840 0.005
840 0.002
840 0.002
841 0.002
841 0.003
841 0.003
842 0.002
842 0.003
842 0.002
843 0.003
843 0.002
843 0.002
844 0.003
844 0.002
844 0.003
845 0.003
845 0.003
845 0.004
846 0.004
846 0.003
846 0.003
847 0.003
847 0.008
847 0.003
848 0.003
848 0.003
848 0.011
849 0.005
849 0.003
849 0.002
850 0.002
850 0.002
850 0.003
851 0.003
851 0.002
851 0.003
852 0.006
852 0.002
852 0.003
853 0.003
853 0.002
853 0.003
854 0.002
854 0.002
854 0.002
855 0.003
855 0.003
855 0.002
856 0.003
856 0.003
856 0.002
857 0.003
857 0.002
857 0.002
858 0.003
858 0.003
858 0.002
859 0.002
859 0.003
859 0.002
860 0.003
860 0.002
860 0.002
861 0.003
861 0.002
861 0.003
862 0.003
862 0.003
862 0.002
863 0.003
863 0.002
863 0.002
864 0.002
864 0.002
864 0.002
865 0.003
865 0.002
865 0.002
866 0.002
866 0.002
866 0.002
867 0.003
867 0.003
867 0.003
868 0.004
868 0.002
868 0.002
869 0.002
869 0.002
869 0.003
870 0.002
870 0.002
870 0.002
871 0.002
871 0.003
871 0.003
872 0.002
872 0.002
872 0.002
873 0.002
873 0.002
873 0.002
874 0.002
874 0.003
874 0.003
875 0.003
875 0.002
875 0.002
876 0.003
876 0.003
876 0.003
877 0.002
877 0.002
877 0.002
878 0.003
878 0.002
878 0.002
879 0.003
879 0.003
879 0.003
880 0.003
880 0.003
880 0.002
881 0.003
881 0.002
881 0.003
882 0.003
882 0.003
882 0.002
883 0.002
883 0.002
883 0.002
884 0.002
884 0.003
884 0.002
885 0.002
885 0.002
885 0.003
886 0.002
886 0.003
886 0.002
887 0.003
887 0.003
887 0.002
888 0.002
888 0.002
888 0.002
889 0.003
889 0.003
889 0.002
890 0.003
890 0.002
890 0.003
891 0.003
891 0.003
891 0.003
892 0.002
892 0.002
892 0.002
893 0.002
893 0.003
893 0.002
894 0.003
894 0.002
894 0.003
895 0.003
895 0.002
895 0.002
896 0.002
896 0.004
896 0.002
897 0.003
897 0.002
897 0.002
898 0.003
898 0.003
898 0.003
899 0.002
899 0.003
899 0.003
900 0.003
900 0.003
900 0.003
901 0.002
901 0.002
901 0.003
902 0.004
902 0.002
902 0.002
903 0.003
903 0.003
903 0.002
903 0.002
904 0.002
904 0.003
904 0.002
905 0.004
905 0.002
905 0.002
906 0.003
906 0.002
906 0.002
907 0.002
907 0.002
907 0.003
908 0.002
908 0.003
908 0.002
909 0.003
909 0.003
909 0.002
910 0.003
910 0.003
910 0.002
911 0.002
911 0.002
911 0.002
912 0.004
912 0.002
912 0.002
913 0.002
913 0.002
913 0.003
914 0.002
914 0.002
914 0.002
915 0.003
915 0.002
915 0.002
916 0.002
916 0.002
916 0.002
917 0.003
917 0.002
917 0.002
918 0.003
918 0.002
918 0.002
919 0.003
919 0.003
919 0.002
920 0.002
920 0.002
920 0.002
921 0.003
921 0.003
921 0.005
922 0.006
922 0.002
922 0.002
923 0.002
923 0.004
923 0.002
924 0.002
924 0.003
924 0.003
925 0.003
925 0.002
925 0.003
926 0.003
926 0.003
926 0.007
927 0.003
927 0.002
927 0.003
928 0.002
928 0.002
928 0.002
929 0.003
929 0.002
929 0.002
930 0.002
930 0.002
930 0.001
931 0.002
931 0.003
931 0.002
932 0.003
932 0.002
932 0.002
933 0.003
933 0.002
933 0.002
934 0.002
934 0.002
934 0.002
935 0.003
935 0.004
935 0.003
936 0.003
936 0.006
936 0.002
937 0.002
937 0.002
937 0.003
938 0.002
938 0.002
938 0.002
939 0.003
939 0.002
939 0.002
940 0.003
940 0.002
940 0.002
941 0.003
941 0.003
941 0.002
942 0.003
942 0.001
942 0.002
943 0.002
943 0.002
943 0.002
944 0.003
944 0.002
944 0.002
945 0.003
945 0.003
945 0.003
946 0.002
946 0.002
946 0.003
947 0.003
947 0.003
947 0.002
948 0.003
948 0.002
948 0.003
949 0.002
949 0.002
949 0.002
950 0.002
950 0.003
950 0.002
951 0.002
951 0.003
951 0.003
952 0.002
952 0.002
952 0.002
953 0.002
953 0.002
953 0.003
954 0.002
954 0.003
954 0.003
955 0.002
955 0.002
955 0.002
956 0.003
956 0.002
956 0.003
957 0.002
957 0.002
957 0.002
958 0.002
958 0.002
958 0.002
959 0.002
959 0.002
959 0.002
960 0.002
960 0.002
960 0.002
961 0.003
961 0.002
961 0.002
962 0.002
962 0.002
962 0.002
963 0.003
963 0.002
963 0.002
964 0.002
964 0.002
964 0.002
965 0.002
965 0.003
965 0.002
966 0.002
966 0.003
966 0.002
967 0.002
967 0.002
967 0.003
968 0.002
968 0.003
968 0.003
969 0.002
969 0.003
969 0.003
970 0.003
970 0.002
970 0.003
971 0.003
971 0.003
971 0.003
972 0.003
972 0.002
972 0.002
973 0.003
973 0.002
973 0.006
974 0.003
974 0.002
974 0.002
975 0.002
975 0.003
975 0.002
976 0.002
976 0.003
976 0.002
977 0.003
977 0.006
977 0.003
978 0.003
978 0.003
978 0.002
979 0.004
979 0.003
979 0.002
980 0.003
980 0.003
980 0.004
981 0.003
981 0.003
981 0.003
982 0.002
982 0.002
982 0.002
983 0.002
983 0.003
983 0.004
984 0.003
984 0.002
984 0.003
985 0.032
985 0.002
985 0.003
986 0.003
986 0.003
986 0.007
987 0.003
987 0.007
987 0.005
988 0.004
988 0.002
988 0.002
989 0.003
989 0.002
989 0.003
990 0.003
45000 0.116
45000 0.118
45000 0.091
45000 0.093
45001 0.103
45001 0.089
45001 0.091
45002 0.105
45002 0.089
45002 0.092
45003 0.113
45003 0.089
45003 0.09
45004 0.107
45004 0.089
45004 0.092
45005 0.108
45005 0.09
45005 0.092
45006 0.109
45006 0.089
45006 0.091
45007 0.107
45007 0.09
45007 0.091
45008 0.106
45008 0.09
45008 0.092
45009 0.109
45009 0.089
45009 0.096
45010 0.11
45010 0.089
45010 0.091
45011 0.102
45011 0.09
45011 0.092
45012 0.121
45012 0.093
45012 0.093
45013 0.11
45013 0.09
45013 0.096
45014 0.109
45014 0.09
45001 0.11
45001 0.093
45001 0.096
45002 0.122
45002 0.093
45002 0.165
45003 0.113
