100 0
100 0.001
100 0.001
200 0.001
200 0.004
200 0.001
300 0.004
300 0.007
300 0.002
0 0
0 0
0 0
0 0
1 0
1 0
1 0
2 0
2 0
2 0
3 0
3 0
3 0
4 0
4 0
4 0
5 0
5 0
5 0
6 0
6 0.001
6 0
7 0
7 0
7 0
8 0
8 0
8 0
9 0
9 0
9 0
10 0
10 0
10 0
11 0
11 0
11 0
12 0
12 0
12 0
13 0
13 0
13 0
1 0
1 0
1 0
2 0
2 0
2 0
3 0
3 0
3 0
4 0
4 0
4 0
5 0
5 0
5 0
6 0
6 0
6 0
7 0
7 0
7 0
8 0
8 0
8 0
9 0
9 0
9 0
10 0
10 0
10 0
11 0
11 0
11 0
12 0
12 0
12 0
13 0
13 0
13 0
14 0
14 0
14 0
15 0
15 0
15 0
16 0
16 0
16 0
17 0
17 0
17 0
18 0
18 0
18 0
19 0
19 0
19 0
20 0
20 0
20 0
21 0
21 0
21 0
22 0
22 0
22 0
23 0
23 0
23 0
24 0
24 0
24 0
25 0
25 0
25 0
26 0
26 0.001
26 0
27 0
27 0.001
27 0
28 0
28 0
28 0
29 0
29 0
29 0
30 0
30 0
30 0
31 0
31 0
31 0
32 0
32 0
32 0
33 0
33 0
33 0
34 0
34 0
34 0
35 0
35 0
35 0
36 0
36 0
36 0
37 0
37 0
37 0
38 0
38 0
38 0
1 0
1 0
1 0
2 0
2 0
2 0
3 0
3 0
3 0
4 0
4 0
4 0
5 0
5 0
5 0
6 0
6 0
6 0
7 0
7 0
7 0
8 0
8 0
8 0.001
9 0
9 0
9 0
10 0
10 0
10 0
11 0
11 0
11 0
12 0
12 0
12 0
13 0
13 0
13 0
14 0
14 0
14 0
15 0
15 0
15 0
16 0
16 0.001
16 0
17 0
17 0.001
17 0
18 0
18 0
18 0
19 0
19 0
19 0
20 0
20 0
20 0
21 0
21 0
21 0
22 0
22 0
22 0
23 0
23 0
23 0
24 0
24 0
24 0
25 0
25 0
25 0
26 0
26 0
26 0
27 0
27 0
27 0
28 0
28 0.001
28 0
29 0
29 0
29 0
30 0
30 0
30 0
31 0
31 0
31 0
32 0
32 0
32 0
33 0
33 0
33 0
34 0
34 0
34 0
35 0
35 0.001
35 0
36 0
36 0.001
36 0
37 0
37 0
37 0
38 0
38 0.001
38 0
39 0
39 0
39 0
40 0
40 0
40 0
41 0
41 0.001
41 0
42 0
42 0
42 0
43 0
43 0.001
43 0
44 0.001
44 0
44 0
45 0
45 0
45 0
46 0
46 0
46 0
47 0.001
47 0
47 0
48 0
48 0
48 0
49 0
49 0
49 0
50 0
50 0
50 0
51 0
51 0
51 0
52 0
52 0
52 0
53 0
53 0
53 0
54 0
54 0
54 0
55 0
55 0
55 0
56 0
56 0
56 0
57 0.001
57 0
57 0
58 0
58 0
58 0
59 0
59 0
59 0
60 0
60 0.001
60 0
61 0.001
61 0
61 0
62 0
62 0.001
62 0
63 0.001
63 0
63 0
64 0
64 0
64 0
65 0
65 0
65 0
66 0
66 0
66 0
67 0
67 0.001
67 0
68 0.001
68 0
68 0
69 0
69 0
69 0
70 0
70 0
70 0
71 0
71 0
71 0
72 0
72 0
72 0
73 0
73 0.001
73 0.001
74 0
74 0
74 0
75 0
75 0
75 0
76 0
76 0.001
76 0
77 0
77 0.001
77 0.001
78 0
78 0
78 0
79 0.001
79 0
79 0
80 0.001
80 0.001
80 0
81 0
81 0.001
81 0
82 0
82 0.001
82 0
83 0.001
83 0.001
83 0
84 0
84 0
84 0
85 0
85 0
85 0
86 0.001
86 0.001
86 0
87 0
87 0.001
87 0
88 0
88 0.001
88 0
89 0.001
89 0
89 0
90 0
90 0.001
90 0.001
91 0
91 0.001
91 0
92 0.001
92 0
92 0.001
93 0
93 0.001
93 0
94 0
94 0.001
94 0.001
95 0
95 0
95 0
96 0
96 0.001
96 0
97 0
97 0
97 0
98 0.001
98 0.001
98 0
99 0.001
99 0.001
99 0.001
100 0.001
100 0.001
100 0
101 0
101 0.001
101 0
102 0
102 0.001
102 0.001
103 0.001
103 0.001
103 0
104 0
104 0.001
104 0
105 0.001
105 0.001
105 0
106 0.001
106 0.001
106 0
107 0
107 0.001
107 0.001
108 0.001
108 0.001
108 0
109 0.001
109 0.001
109 0
110 0
110 0.001
110 0
111 0.001
111 0.001
111 0.001
112 0.001
112 0.001
112 0
113 0.001
113 0.001
113 0
114 0.001
114 0.001
114 0
115 0
115 0.001
115 0
116 0.001
116 0.001
116 0.001
117 0.001
117 0.001
117 0.001
118 0.001
118 0.001
118 0.001
119 0
119 0.001
119 0
120 0
120 0.002
120 0
121 0.001
121 0.001
121 0.001
122 0.001
122 0.001
122 0
123 0.001
123 0.001
123 0
124 0
124 0.002
124 0
125 0.001
125 0.002
125 0.001
126 0
126 0.001
126 0
127 0
127 0.001
127 0
128 0
128 0.001
128 0.001
129 0
129 0.001
129 0.001
130 0.001
130 0.001
130 0
131 0.001
131 0.001
131 0
132 0
132 0.001
132 0.001
133 0.001
133 0.001
133 0
134 0.001
134 0.002
134 0
135 0.001
135 0.001
135 0.001
136 0.001
136 0.002
136 0.001
137 0.002
137 0.002
137 0.001
138 0.001
138 0.002
138 0
139 0.003
139 0.002
139 0.001
140 0.002
140 0.002
140 0
141 0.001
141 0.001
141 0
142 0.001
142 0.002
142 0.001
143 0.001
143 0.002
143 0
144 0.001
144 0.002
144 0.001
145 0.001
145 0.001
145 0.001
146 0.001
146 0.001
146 0.001
147 0.001
147 0.002
147 0
148 0.001
148 0.001
148 0.001
149 0.001
149 0.002
149 0.001
150 0.002
150 0.002
150 0.001
151 0.001
151 0.002
151 0
152 0.001
152 0.002
152 0
153 0.002
153 0.002
153 0
154 0.001
154 0.002
154 0.001
155 0.002
155 0.001
155 0.001
156 0.001
156 0.002
156 0
157 0.001
157 0.002
157 0.001
158 0.001
158 0.001
158 0.001
159 0.001
159 0.002
159 0.001
160 0.001
160 0.002
160 0.001
161 0.001
161 0.002
161 0.001
162 0.002
162 0.002
162 0
163 0.002
163 0.002
163 0.001
164 0.002
164 0.002
164 0.001
165 0.002
165 0.001
165 0.001
166 0.002
166 0.002
166 0.001
167 0.002
167 0.002
167 0.001
168 0.002
168 0.003
168 0.001
169 0.001
169 0.001
169 0.001
170 0.002
170 0.001
170 0.001
171 0.002
171 0.002
171 0.001
172 0.002
172 0.002
172 0
173 0.002
173 0.002
173 0.001
174 0.002
174 0.002
174 0.001
175 0.001
175 0.002
175 0.001
176 0.002
176 0.003
176 0.001
177 0.002
177 0.002
177 0.001
178 0.002
178 0.002
178 0.001
179 0.001
179 0.002
179 0.001
180 0.002
180 0.002
180 0.001
181 0.002
181 0.002
181 0.001
182 0.002
182 0.003
182 0
183 0.002
183 0.003
183 0.001
184 0.002
184 0.002
184 0.001
185 0.001
185 0.002
185 0.001
186 0.001
186 0.002
186 0.001
187 0.002
187 0.002
187 0.001
188 0.001
188 0.002
188 0.001
189 0.002
189 0.002
189 0
190 0.002
190 0.004
190 0.001
191 0.001
191 0.003
191 0.002
192 0.002
192 0.004
192 0
193 0.002
193 0.002
193 0.001
194 0.002
194 0.002
194 0.001
195 0.002
195 0.002
195 0.001
196 0.002
196 0.002
196 0.001
197 0.002
197 0.002
197 0.001
198 0.001
198 0.002
198 0.001
199 0.002
199 0.003
199 0.001
200 0.002
200 0.002
200 0.001
201 0.001
201 0.002
201 0.002
202 0.002
202 0.003
202 0.001
203 0.002
203 0.002
203 0.001
204 0.002
204 0.003
204 0.001
205 0.002
205 0.003
205 0.001
206 0.002
206 0.002
206 0.001
207 0.002
207 0.003
207 0.001
208 0.002
208 0.003
208 0.001
209 0.001
209 0.003
209 0.001
210 0.002
210 0.002
210 0.001
211 0.002
211 0.003
211 0.001
212 0.002
212 0.003
212 0.001
213 0.002
213 0.003
213 0.001
214 0.002
214 0.003
214 0.002
215 0.002
215 0.003
215 0.001
216 0.002
216 0.003
216 0.001
217 0.002
217 0.003
217 0.001
218 0.002
218 0.003
218 0.001
219 0.002
219 0.003
219 0.001
220 0.002
220 0.003
220 0.001
221 0.003
221 0.004
221 0.002
222 0.003
222 0.003
222 0.002
223 0.002
223 0.003
223 0.001
224 0.002
224 0.004
224 0.001
225 0.002
225 0.003
225 0.001
226 0.002
226 0.005
226 0.001
227 0.002
227 0.003
227 0.002
228 0.002
228 0.003
228 0.001
229 0.002
229 0.004
229 0.001
230 0.003
230 0.003
230 0.002
231 0.002
231 0.005
231 0.001
232 0.002
232 0.003
232 0.002
233 0.003
233 0.004
233 0.001
234 0.003
234 0.004
234 0.001
235 0.002
235 0.004
235 0.002
236 0.003
236 0.004
236 0.001
237 0.002
237 0.004
237 0.003
238 0.003
238 0.004
238 0.001
239 0.002
239 0.004
239 0.001
240 0.003
240 0.004
240 0.002
241 0.002
241 0.004
241 0.001
242 0.003
242 0.004
242 0.002
243 0.002
243 0.004
243 0.002
244 0.002
244 0.004
244 0.002
245 0.003
245 0.005
245 0.002
246 0.003
246 0.004
246 0.002
247 0.003
247 0.004
247 0.002
248 0.003
248 0.004
248 0.002
249 0.003
249 0.004
249 0.003
250 0.003
250 0.004
250 0.001
251 0.003
251 0.004
251 0.002
252 0.003
252 0.004
252 0.002
253 0.003
253 0.004
253 0.002
254 0.003
254 0.004
254 0.002
255 0.003
255 0.004
255 0.001
256 0.003
256 0.004
256 0.002
257 0.003
257 0.005
257 0.002
258 0.003
258 0.004
258 0.002
259 0.003
259 0.004
259 0.002
260 0.003
260 0.005
260 0.002
261 0.003
261 0.005
261 0.002
262 0.003
262 0.005
262 0.002
263 0.004
263 0.004
263 0.002
264 0.003
264 0.004
264 0.002
265 0.003
265 0.004
265 0.003
266 0.003
266 0.005
266 0.002
267 0.003
267 0.004
267 0.003
268 0.003
268 0.004
268 0.002
269 0.003
269 0.004
269 0.002
270 0.003
270 0.004
270 0.002
271 0.003
271 0.005
271 0.002
280 0.005
280 0.005
280 0.002
281 0.005
281 0.006
281 0.002
282 0.005
282 0.005
282 0.002
280 0.004
280 0.005
280 0.002
281 0.006
281 0.007
281 0.002
282 0.004
282 0.005
282 0.002
283 0.005
283 0.005
283 0.002
284 0.004
284 0.005
284 0.002
285 0.004
285 0.005
285 0.002
286 0.003
286 0.005
286 0.002
287 0.004
287 0.005
287 0.002
288 0.005
288 0.005
288 0.002
289 0.004
289 0.005
289 0.003
290 0.004
290 0.005
290 0.002
291 0.005
291 0.005
291 0.003
292 0.004
292 0.007
292 0.003
293 0.004
293 0.005
293 0.002
294 0.004
294 0.006
294 0.002
295 0.004
295 0.006
295 0.002
296 0.004
296 0.005
296 0.002
297 0.004
297 0.006
297 0.002
298 0.004
298 0.006
298 0.002
299 0.005
299 0.006
299 0.004
300 0.004
300 0.006
300 0.003
301 0.005
301 0.006
301 0.002
302 0.003
302 0.006
302 0.002
303 0.004
303 0.005
303 0.002
304 0.004
304 0.006
304 0.002
305 0.004
305 0.005
305 0.002
306 0.005
306 0.005
306 0.002
307 0.004
307 0.006
307 0.003
308 0.004
308 0.006
308 0.002
309 0.004
309 0.006
309 0.003
310 0.004
310 0.007
310 0.002
311 0.004
311 0.007
311 0.003
312 0.005
312 0.006
312 0.002
313 0.005
313 0.006
313 0.002
314 0.004
314 0.006
314 0.002
315 0.004
315 0.006
315 0.002
316 0.004
316 0.006
316 0.003
317 0.004
317 0.006
317 0.002
318 0.004
318 0.006
318 0.003
319 0.005
319 0.006
319 0.003
320 0.005
320 0.007
320 0.003
321 0.005
321 0.006
321 0.003
322 0.005
322 0.006
322 0.003
323 0.006
323 0.006
323 0.003
324 0.005
324 0.007
324 0.003
325 0.006
325 0.007
325 0.003
326 0.004
326 0.007
326 0.003
327 0.005
327 0.007
327 0.003
328 0.005
328 0.007
328 0.003
329 0.005
329 0.007
329 0.003
330 0.005
330 0.01
330 0.003
331 0.005
331 0.007
331 0.002
332 0.006
332 0.008
332 0.003
333 0.006
333 0.007
333 0.003
334 0.006
334 0.007
334 0.003
335 0.005
335 0.007
335 0.003
336 0.005
336 0.007
336 0.003
337 0.005
337 0.007
337 0.003
338 0.005
338 0.007
338 0.003
339 0.005
339 0.007
339 0.003
340 0.005
340 0.008
340 0.003
341 0.005
341 0.008
341 0.003
342 0.005
342 0.008
342 0.003
343 0.005
343 0.007
343 0.003
344 0.006
344 0.007
344 0.003
345 0.005
345 0.007
345 0.003
346 0.005
346 0.007
346 0.003
347 0.005
347 0.007
347 0.003
348 0.005
348 0.008
348 0.003
349 0.005
349 0.008
349 0.003
350 0.006
350 0.007
350 0.004
351 0.005
351 0.007
351 0.003
352 0.005
352 0.008
352 0.003
353 0.006
353 0.008
353 0.003
354 0.006
354 0.008
354 0.004
355 0.006
355 0.008
355 0.003
356 0.005
356 0.009
356 0.003
357 0.005
357 0.008
357 0.003
358 0.006
358 0.009
358 0.003
359 0.006
359 0.008
359 0.003
360 0.006
360 0.012
360 0.003
361 0.006
361 0.008
361 0.004
362 0.006
362 0.008
362 0.003
363 0.006
363 0.009
363 0.004
364 0.005
364 0.009
364 0.004
365 0.006
365 0.009
365 0.004
366 0.005
366 0.009
366 0.003
367 0.006
367 0.008
367 0.003
368 0.006
368 0.009
368 0.003
369 0.006
369 0.01
369 0.003
370 0.007
370 0.009
370 0.004
371 0.006
371 0.009
371 0.003
372 0.006
372 0.009
372 0.004
373 0.006
373 0.009
373 0.004
374 0.007
374 0.009
374 0.003
375 0.007
375 0.016
375 0.006
376 0.007
376 0.01
376 0.004
377 0.007
377 0.01
377 0.006
378 0.007
378 0.009
378 0.004
379 0.006
379 0.009
379 0.004
380 0.006
380 0.009
380 0.004
381 0.006
381 0.01
381 0.003
382 0.007
382 0.009
382 0.004
383 0.007
383 0.01
383 0.004
384 0.007
384 0.01
384 0.004
385 0.008
385 0.01
385 0.004
386 0.006
386 0.009
386 0.004
387 0.007
387 0.01
387 0.006
388 0.007
388 0.01
388 0.007
389 0.009
389 0.014
389 0.004
390 0.006
390 0.01
390 0.004
391 0.007
391 0.012
391 0.006
392 0.007
392 0.01
392 0.004
393 0.01
393 0.01
393 0.004
394 0.011
394 0.01
394 0.004
395 0.007
395 0.01
395 0.004
396 0.007
396 0.01
396 0.004
397 0.007
397 0.01
397 0.004
398 0.007
398 0.01
398 0.004
399 0.008
399 0.01
399 0.004
400 0.008
400 0.011
400 0.004
401 0.007
401 0.01
401 0.004
402 0.007
402 0.011
402 0.004
403 0.007
403 0.011
403 0.004
404 0.007
404 0.01
404 0.004
405 0.008
405 0.01
405 0.004
406 0.007
406 0.01
406 0.004
407 0.007
407 0.016
407 0.004
408 0.008
408 0.023
408 0.005
409 0.008
409 0.01
409 0.004
410 0.008
410 0.013
410 0.004
411 0.009
411 0.012
411 0.004
412 0.008
412 0.011
412 0.004
413 0.01
413 0.012
413 0.005
414 0.008
414 0.011
414 0.004
415 0.008
415 0.011
415 0.004
416 0.009
416 0.011
416 0.004
417 0.008
417 0.014
417 0.004
418 0.008
418 0.011
418 0.005
419 0.008
419 0.012
419 0.004
420 0.008
420 0.012
420 0.004
421 0.009
421 0.013
421 0.005
422 0.008
422 0.012
422 0.005
423 0.008
423 0.012
423 0.005
424 0.008
424 0.011
424 0.004
425 0.009
425 0.012
425 0.007
426 0.008
426 0.011
426 0.004
427 0.008
427 0.013
427 0.005
428 0.009
428 0.012
428 0.004
429 0.009
429 0.012
429 0.004
430 0.008
430 0.019
430 0.005
431 0.008
431 0.012
431 0.007
432 0.009
432 0.012
432 0.005
433 0.011
433 0.015
433 0.008
434 0.009
434 0.013
434 0.005
435 0.009
435 0.013
435 0.006
436 0.008
436 0.013
436 0.005
437 0.011
437 0.014
437 0.005
438 0.008
438 0.013
438 0.006
439 0.008
439 0.014
439 0.006
440 0.01
440 0.015
440 0.005
441 0.01
441 0.014
441 0.006
442 0.009
442 0.012
442 0.006
443 0.013
443 0.015
443 0.008
444 0.01
444 0.018
444 0.006
445 0.009
445 0.014
445 0.006
446 0.01
446 0.014
446 0.005
447 0.013
447 0.013
447 0.005
448 0.01
448 0.019
448 0.008
449 0.009
449 0.018
449 0.008
450 0.013
450 0.015
450 0.008
451 0.01
451 0.019
451 0.005
452 0.014
452 0.021
452 0.007
453 0.01
453 0.014
453 0.005
454 0.01
454 0.018
454 0.006
455 0.009
455 0.015
455 0.006
456 0.01
456 0.014
456 0.005
457 0.014
457 0.014
457 0.005
458 0.009
458 0.014
458 0.006
459 0.01
459 0.014
459 0.005
460 0.01
460 0.014
460 0.006
461 0.009
461 0.016
461 0.006
462 0.01
462 0.013
462 0.005
463 0.01
463 0.018
463 0.005
464 0.01
464 0.019
464 0.005
465 0.009
465 0.014
465 0.006
466 0.011
466 0.014
466 0.005
467 0.01
467 0.014
467 0.005
468 0.01
468 0.014
468 0.006
469 0.014
469 0.014
469 0.006
470 0.01
470 0.018
470 0.006
471 0.01
471 0.015
471 0.006
472 0.01
472 0.014
472 0.006
473 0.011
473 0.02
473 0.006
474 0.01
474 0.014
474 0.005
475 0.01
475 0.014
475 0.006
476 0.01
476 0.014
476 0.006
477 0.011
477 0.015
477 0.006
478 0.01
478 0.014
478 0.006
479 0.011
479 0.014
479 0.006
480 0.011
480 0.014
480 0.006
481 0.011
481 0.015
481 0.006
482 0.01
482 0.017
482 0.006
483 0.01
483 0.015
483 0.006
484 0.011
484 0.014
484 0.006
485 0.011
485 0.018
485 0.006
486 0.01
486 0.015
486 0.006
487 0.01
487 0.015
487 0.006
488 0.011
488 0.016
488 0.006
489 0.011
489 0.016
489 0.006
490 0.011
490 0.015
490 0.006
491 0.011
491 0.021
491 0.006
492 0.011
492 0.017
492 0.007
493 0.01
493 0.016
493 0.009
494 0.011
494 0.021
494 0.006
495 0.011
495 0.015
495 0.007
496 0.012
496 0.017
496 0.006
497 0.023
497 0.022
497 0.01
498 0.017
498 0.016
498 0.007
499 0.012
499 0.015
499 0.006
500 0.012
500 0.016
500 0.009
501 0.011
501 0.016
501 0.006
502 0.012
502 0.016
502 0.008
503 0.013
503 0.016
503 0.007
504 0.011
504 0.02
504 0.009
505 0.019
505 0.017
505 0.007
506 0.012
506 0.016
506 0.007
507 0.013
507 0.018
507 0.01
508 0.012
508 0.017
508 0.007
509 0.012
509 0.016
509 0.007
510 0.011
510 0.017
510 0.007
511 0.012
511 0.018
511 0.006
512 0.012
512 0.017
512 0.007
513 0.017
513 0.017
513 0.006
514 0.011
514 0.016
514 0.006
515 0.013
515 0.017
515 0.006
516 0.012
516 0.017
516 0.011
517 0.012
517 0.018
517 0.007
518 0.012
518 0.017
518 0.01
519 0.012
519 0.017
519 0.007
520 0.012
520 0.017
520 0.006
521 0.012
521 0.017
521 0.007
522 0.012
522 0.017
522 0.006
523 0.017
523 0.017
523 0.007
524 0.016
524 0.018
524 0.008
525 0.012
525 0.017
525 0.007
526 0.013
526 0.018
526 0.008
527 0.012
527 0.018
527 0.008
528 0.015
528 0.02
528 0.01
529 0.013
529 0.018
529 0.007
530 0.013
530 0.028
530 0.008
531 0.013
531 0.018
531 0.007
532 0.012
532 0.029
532 0.007
533 0.013
533 0.018
533 0.007
534 0.013
534 0.019
534 0.007
535 0.013
535 0.019
535 0.007
536 0.013
536 0.018
536 0.007
537 0.013
537 0.018
537 0.008
538 0.012
538 0.019
538 0.007
539 0.019
539 0.018
539 0.012
540 0.013
540 0.019
540 0.008
541 0.013
541 0.019
541 0.008
542 0.017
542 0.02
542 0.009
543 0.013
543 0.019
543 0.007
544 0.015
544 0.019
544 0.009
545 0.013
545 0.019
545 0.008
546 0.013
546 0.018
546 0.008
547 0.014
547 0.019
547 0.008
548 0.013
548 0.02
548 0.008
549 0.015
549 0.019
549 0.008
550 0.016
550 0.019
550 0.008
551 0.017
551 0.019
551 0.008
552 0.016
552 0.022
552 0.008
553 0.013
553 0.02
553 0.008
554 0.014
554 0.02
554 0.013
555 0.013
555 0.019
555 0.008
556 0.014
556 0.02
556 0.008
557 0.014
557 0.02
557 0.008
558 0.014
558 0.02
558 0.008
559 0.016
559 0.023
559 0.013
560 0.014
560 0.02
560 0.008
561 0.018
561 0.02
561 0.008
562 0.014
562 0.021
562 0.008
563 0.015
563 0.021
563 0.008
564 0.018
564 0.03
564 0.009
565 0.014
565 0.021
565 0.008
566 0.015
566 0.026
566 0.009
567 0.015
567 0.021
567 0.009
568 0.018
568 0.025
568 0.012
569 0.014
569 0.021
569 0.008
570 0.015
570 0.029
570 0.008
571 0.015
571 0.02
571 0.009
572 0.014
572 0.027
572 0.008
573 0.015
573 0.02
573 0.009
574 0.015
574 0.024
574 0.008
575 0.015
575 0.021
575 0.008
576 0.014
576 0.029
576 0.008
577 0.015
577 0.021
577 0.009
578 0.015
578 0.022
578 0.013
579 0.017
579 0.022
579 0.009
580 0.015
580 0.025
580 0.009
581 0.015
581 0.021
581 0.008
582 0.015
582 0.022
582 0.009
583 0.015
583 0.022
583 0.008
584 0.016
584 0.024
584 0.009
585 0.019
585 0.022
585 0.009
586 0.015
586 0.022
586 0.009
587 0.015
587 0.022
587 0.014
588 0.016
588 0.03
588 0.009
589 0.016
589 0.022
589 0.009
590 0.016
590 0.025
590 0.009
591 0.016
591 0.022
591 0.01
592 0.016
592 0.025
592 0.009
593 0.016
593 0.022
593 0.009
594 0.016
594 0.024
594 0.009
595 0.016
595 0.022
595 0.008
596 0.015
596 0.026
596 0.009
597 0.016
597 0.023
597 0.008
598 0.016
598 0.024
598 0.01
599 0.017
599 0.023
599 0.01
600 0.016
600 0.028
600 0.009
601 0.016
601 0.023
601 0.009
602 0.016
602 0.026
602 0.009
603 0.016
603 0.023
603 0.009
604 0.016
604 0.024
604 0.009
605 0.016
605 0.023
605 0.009
606 0.016
606 0.025
606 0.01
607 0.016
607 0.024
607 0.009
608 0.018
608 0.023
608 0.009
609 0.017
609 0.024
609 0.01
610 0.017
610 0.025
610 0.009
611 0.017
611 0.024
611 0.009
612 0.018
612 0.024
612 0.009
613 0.017
613 0.024
613 0.01
614 0.02
614 0.025
614 0.009
615 0.017
615 0.024
615 0.009
616 0.017
616 0.024
616 0.009
617 0.017
617 0.024
617 0.01
618 0.018
618 0.027
618 0.009
619 0.017
619 0.024
619 0.01
620 0.017
620 0.024
620 0.009
621 0.017
621 0.024
621 0.011
622 0.022
622 0.027
622 0.01
623 0.017
623 0.024
623 0.01
624 0.018
624 0.025
624 0.009
625 0.017
625 0.025
625 0.01
626 0.023
626 0.026
626 0.01
627 0.018
627 0.025
627 0.01
628 0.018
628 0.025
628 0.01
629 0.018
629 0.025
629 0.011
630 0.018
630 0.025
630 0.01
631 0.017
631 0.027
631 0.01
632 0.021
632 0.026
632 0.01
633 0.018
633 0.025
633 0.011
634 0.018
634 0.025
634 0.01
635 0.018
635 0.026
635 0.01
636 0.018
636 0.026
636 0.01
637 0.018
637 0.027
637 0.01
638 0.018
638 0.026
638 0.011
639 0.018
639 0.026
639 0.011
640 0.018
640 0.026
640 0.011
641 0.019
641 0.026
641 0.01
642 0.019
642 0.026
642 0.01
643 0.019
643 0.026
643 0.011
644 0.018
644 0.027
644 0.011
645 0.018
645 0.027
645 0.01
646 0.019
646 0.027
646 0.01
647 0.019
647 0.026
647 0.011
648 0.02
648 0.027
648 0.01
649 0.019
649 0.027
649 0.01
650 0.019
650 0.027
650 0.011
651 0.019
651 0.028
651 0.011
652 0.02
652 0.027
652 0.011
653 0.019
653 0.027
653 0.011
654 0.019
654 0.027
654 0.011
655 0.018
655 0.027
655 0.011
656 0.02
656 0.027
656 0.011
657 0.02
657 0.028
657 0.011
658 0.02
658 0.028
658 0.011
659 0.019
659 0.027
659 0.012
660 0.02
660 0.027
660 0.011
661 0.019
661 0.028
661 0.011
662 0.02
662 0.028
662 0.011
663 0.021
663 0.028
663 0.011
664 0.019
664 0.028
664 0.012
665 0.021
665 0.028
665 0.013
666 0.02
666 0.028
666 0.011
667 0.019
667 0.028
667 0.011
668 0.021
668 0.028
668 0.011
669 0.02
669 0.029
669 0.012
670 0.02
670 0.028
670 0.011
671 0.02
671 0.029
671 0.011
672 0.02
672 0.028
672 0.011
673 0.027
673 0.029
673 0.012
674 0.021
674 0.029
674 0.011
675 0.021
675 0.029
675 0.012
676 0.022
676 0.029
676 0.012
677 0.021
677 0.03
677 0.012
678 0.02
678 0.033
678 0.016
679 0.021
679 0.029
679 0.012
680 0.025
680 0.029
680 0.012
681 0.022
681 0.03
681 0.012
682 0.02
682 0.03
682 0.012
683 0.021
683 0.03
683 0.013
684 0.02
684 0.031
684 0.013
685 0.022
685 0.03
685 0.012
686 0.021
686 0.03
686 0.012
687 0.02
687 0.03
687 0.013
688 0.021
688 0.03
688 0.012
689 0.022
689 0.03
689 0.013
690 0.021
690 0.03
690 0.012
691 0.022
691 0.031
691 0.012
692 0.021
692 0.031
692 0.019
693 0.025
693 0.03
693 0.017
694 0.022
694 0.031
694 0.012
695 0.022
695 0.031
695 0.012
696 0.022
696 0.03
696 0.013
697 0.022
697 0.031
697 0.012
698 0.022
698 0.031
698 0.012
699 0.023
699 0.031
699 0.012
700 0.022
700 0.031
700 0.013
701 0.022
701 0.031
701 0.012
702 0.022
702 0.031
702 0.012
703 0.023
703 0.032
703 0.012
704 0.022
704 0.032
704 0.013
705 0.024
705 0.032
705 0.013
706 0.023
706 0.032
706 0.016
707 0.022
707 0.034
707 0.013
708 0.023
708 0.032
708 0.013
709 0.023
709 0.032
709 0.013
710 0.023
710 0.032
710 0.013
711 0.023
711 0.032
711 0.013
712 0.023
712 0.033
712 0.013
713 0.024
713 0.033
713 0.013
714 0.024
714 0.033
714 0.013
715 0.026
715 0.032
715 0.013
716 0.023
716 0.032
716 0.013
717 0.023
717 0.033
717 0.013
718 0.026
718 0.033
718 0.013
719 0.023
719 0.032
719 0.014
720 0.023
720 0.032
720 0.013
721 0.024
721 0.034
721 0.015
722 0.023
722 0.033
722 0.013
723 0.024
723 0.033
723 0.015
724 0.023
724 0.033
724 0.013
725 0.024
725 0.033
725 0.013
726 0.024
726 0.033
726 0.014
727 0.022
727 0.033
727 0.014
728 0.023
728 0.034
728 0.014
729 0.026
729 0.038
729 0.014
730 0.024
730 0.034
730 0.013
731 0.031
731 0.034
731 0.014
732 0.024
732 0.034
732 0.013
733 0.025
733 0.034
733 0.014
734 0.024
734 0.035
734 0.014
735 0.027
735 0.036
735 0.015
736 0.024
736 0.036
736 0.013
737 0.024
737 0.035
737 0.017
738 0.025
738 0.034
738 0.015
739 0.025
739 0.036
739 0.014
740 0.025
740 0.035
740 0.015
741 0.024
741 0.035
741 0.014
742 0.026
742 0.035
742 0.019
743 0.035
743 0.035
743 0.014
744 0.024
744 0.035
744 0.014
745 0.027
745 0.036
745 0.014
746 0.025
746 0.035
746 0.015
747 0.026
747 0.038
747 0.014
748 0.026
748 0.036
748 0.015
749 0.028
749 0.036
749 0.015
750 0.025
750 0.036
750 0.015
751 0.027
751 0.036
751 0.014
752 0.025
752 0.036
752 0.015
753 0.026
753 0.036
753 0.015
754 0.026
754 0.037
754 0.015
755 0.027
755 0.036
755 0.014
756 0.025
756 0.038
756 0.022
757 0.029
757 0.036
757 0.015
758 0.026
758 0.036
758 0.015
759 0.026
759 0.039
759 0.014
760 0.026
760 0.036
760 0.015
761 0.026
761 0.037
761 0.015
762 0.026
762 0.037
762 0.021
763 0.031
763 0.037
763 0.015
764 0.026
764 0.037
764 0.015
765 0.028
765 0.037
765 0.015
766 0.026
766 0.037
766 0.015
767 0.032
767 0.038
767 0.015
768 0.026
768 0.037
768 0.015
769 0.029
769 0.038
769 0.015
770 0.026
770 0.038
770 0.015
771 0.028
771 0.039
771 0.015
772 0.026
772 0.038
772 0.015
773 0.029
773 0.037
773 0.014
774 0.03
774 0.038
774 0.015
775 0.029
775 0.038
775 0.015
776 0.026
776 0.039
776 0.015
777 0.028
777 0.038
777 0.015
778 0.028
778 0.039
778 0.015
779 0.029
779 0.039
779 0.015
780 0.026
780 0.039
780 0.02
781 0.028
781 0.038
781 0.015
782 0.027
782 0.039
782 0.015
783 0.029
783 0.039
783 0.018
784 0.028
784 0.039
784 0.016
785 0.03
785 0.039
785 0.017
786 0.027
786 0.039
786 0.016
787 0.028
787 0.039
787 0.015
788 0.027
788 0.04
788 0.016
789 0.031
789 0.039
789 0.016
790 0.029
790 0.04
790 0.015
791 0.029
791 0.039
791 0.017
792 0.028
792 0.04
792 0.016
793 0.029
793 0.04
793 0.016
794 0.028
794 0.04
794 0.016
795 0.03
795 0.04
795 0.016
796 0.028
796 0.04
796 0.016
797 0.029
797 0.04
797 0.016
798 0.028
798 0.041
798 0.017
799 0.028
799 0.04
799 0.016
800 0.029
800 0.041
800 0.017
801 0.029
801 0.041
801 0.017
802 0.029
802 0.041
802 0.016
803 0.029
803 0.041
803 0.016
804 0.029
804 0.041
804 0.016
805 0.036
805 0.04
805 0.016
806 0.029
806 0.041
806 0.016
807 0.029
807 0.042
807 0.017
808 0.029
808 0.041
808 0.017
809 0.03
809 0.041
809 0.016
810 0.028
810 0.042
810 0.017
811 0.032
811 0.042
811 0.016
812 0.029
812 0.042
812 0.017
813 0.029
813 0.042
813 0.016
814 0.031
814 0.043
814 0.016
815 0.03
815 0.042
815 0.016
816 0.031
816 0.042
816 0.017
817 0.029
817 0.048
817 0.016
818 0.03
818 0.042
818 0.017
819 0.034
819 0.043
819 0.017
820 0.03
820 0.042
820 0.017
821 0.03
821 0.043
821 0.017
822 0.029
822 0.043
822 0.016
823 0.03
823 0.043
823 0.017
824 0.03
824 0.043
824 0.019
825 0.03
825 0.043
825 0.017
826 0.031
826 0.044
826 0.019
827 0.031
827 0.043
827 0.017
828 0.03
828 0.045
828 0.017
829 0.032
829 0.043
829 0.017
830 0.031
830 0.043
830 0.018
831 0.031
831 0.046
831 0.017
832 0.031
832 0.044
832 0.018
833 0.031
833 0.045
833 0.018
834 0.032
834 0.055
834 0.019
835 0.039
835 0.044
835 0.02
836 0.039
836 0.054
836 0.023
837 0.031
837 0.047
837 0.018
838 0.033
838 0.053
838 0.025
839 0.04
839 0.053
839 0.018
840 0.04
840 0.063
840 0.026
841 0.033
841 0.045
841 0.025
842 0.041
842 0.053
842 0.02
843 0.036
843 0.057
843 0.026
844 0.039
844 0.069
844 0.03
845 0.04
845 0.053
845 0.026
846 0.049
846 0.066
846 0.029
847 0.066
847 0.124
847 0.03
848 0.05
848 0.06
848 0.021
849 0.053
849 0.047
849 0.027
850 0.032
850 0.048
850 0.02
851 0.036
851 0.046
851 0.018
852 0.038
852 0.061
852 0.025
853 0.038
853 0.053
853 0.021
854 0.04
854 0.057
854 0.018
855 0.038
855 0.05
855 0.019
856 0.034
856 0.046
856 0.019
857 0.034
857 0.051
857 0.019
858 0.033
858 0.048
858 0.021
859 0.033
859 0.047
859 0.018
860 0.033
860 0.047
860 0.019
861 0.035
861 0.046
861 0.019
862 0.033
862 0.047
862 0.019
863 0.035
863 0.056
863 0.02
864 0.038
864 0.049
864 0.024
865 0.038
865 0.048
865 0.023
866 0.033
866 0.047
866 0.019
867 0.035
867 0.048
867 0.019
868 0.033
868 0.052
868 0.02
869 0.034
869 0.053
869 0.019
870 0.034
870 0.047
870 0.019
871 0.034
871 0.048
871 0.019
872 0.034
872 0.048
872 0.025
873 0.034
873 0.055
873 0.025
874 0.034
874 0.05
874 0.019
875 0.034
875 0.048
875 0.029
876 0.036
876 0.05
876 0.02
877 0.034
877 0.049
877 0.019
878 0.034
878 0.05
878 0.021
879 0.035
879 0.054
879 0.019
880 0.035
880 0.055
880 0.019
881 0.035
881 0.049
881 0.022
882 0.036
882 0.049
882 0.022
883 0.035
883 0.055
883 0.02
884 0.035
884 0.049
884 0.02
885 0.041
885 0.05
885 0.019
886 0.035
886 0.05
886 0.022
887 0.036
887 0.05
887 0.02
888 0.039
888 0.051
888 0.02
889 0.039
889 0.051
889 0.02
890 0.037
890 0.05
890 0.022
891 0.035
891 0.05
891 0.022
892 0.035
892 0.056
892 0.02
893 0.037
893 0.066
893 0.02
894 0.036
894 0.051
894 0.019
895 0.042
895 0.051
895 0.019
896 0.036
896 0.051
896 0.024
897 0.036
897 0.051
897 0.02
898 0.036
898 0.052
898 0.024
899 0.036
899 0.052
899 0.021
900 0.038
900 0.051
900 0.021
901 0.035
901 0.052
901 0.022
902 0.04
902 0.051
902 0.02
903 0.036
903 0.036
903 0.05
903 0.02
904 0.036
904 0.051
904 0.02
905 0.035
905 0.051
905 0.021
906 0.038
906 0.051
906 0.021
907 0.036
907 0.051
907 0.021
908 0.043
908 0.051
908 0.026
909 0.036
909 0.053
909 0.02
910 0.037
910 0.051
910 0.02
911 0.038
911 0.052
911 0.021
912 0.044
912 0.051
912 0.02
913 0.037
913 0.052
913 0.02
914 0.041
914 0.052
914 0.021
915 0.037
915 0.052
915 0.027
916 0.043
916 0.052
916 0.021
917 0.037
917 0.052
917 0.021
918 0.041
918 0.053
918 0.021
919 0.038
919 0.052
919 0.023
920 0.037
920 0.053
920 0.021
921 0.036
921 0.053
921 0.023
922 0.049
922 0.074
922 0.023
923 0.039
923 0.081
923 0.026
924 0.037
924 0.056
924 0.021
925 0.038
925 0.054
925 0.021
926 0.041
926 0.054
926 0.021
927 0.049
927 0.054
927 0.021
928 0.038
928 0.054
928 0.024
929 0.04
929 0.064
929 0.021
930 0.037
930 0.054
930 0.023
931 0.038
931 0.054
931 0.022
932 0.037
932 0.055
932 0.021
933 0.039
933 0.054
933 0.022
934 0.038
934 0.054
934 0.021
935 0.039
935 0.054
935 0.026
936 0.046
936 0.055
936 0.024
937 0.038
937 0.055
937 0.022
938 0.04
938 0.057
938 0.022
939 0.04
939 0.055
939 0.023
940 0.039
940 0.054
940 0.022
941 0.04
941 0.055
941 0.023
942 0.039
942 0.055
942 0.021
943 0.04
943 0.055
943 0.021
944 0.039
944 0.056
944 0.022
945 0.039
945 0.055
945 0.023
946 0.042
946 0.056
946 0.022
947 0.04
947 0.056
947 0.024
948 0.05
948 0.056
948 0.022
949 0.04
949 0.056
949 0.027
950 0.039
950 0.059
950 0.022
951 0.039
951 0.056
951 0.022
952 0.04
952 0.061
952 0.024
953 0.04
953 0.058
953 0.023
954 0.04
954 0.058
954 0.022
955 0.04
955 0.061
955 0.023
956 0.04
956 0.057
956 0.023
957 0.042
957 0.057
957 0.022
958 0.04
958 0.056
958 0.03
959 0.041
959 0.066
959 0.024
960 0.04
960 0.059
960 0.022
961 0.044
961 0.058
961 0.023
962 0.054
962 0.057
962 0.024
963 0.041
963 0.061
963 0.023
964 0.04
964 0.058
964 0.024
965 0.04
965 0.059
965 0.023
966 0.046
966 0.058
966 0.024
967 0.047
967 0.058
967 0.029
968 0.041
968 0.058
968 0.036
969 0.043
969 0.061
969 0.023
970 0.042
970 0.07
970 0.023
971 0.044
971 0.067
971 0.023
972 0.059
972 0.059
972 0.023
973 0.041
973 0.061
973 0.03
974 0.046
974 0.062
974 0.023
975 0.057
975 0.068
975 0.024
976 0.048
976 0.062
976 0.036
977 0.042
977 0.059
977 0.055
978 0.043
978 0.062
978 0.024
979 0.064
979 0.064
979 0.03
980 0.045
980 0.077
980 0.037
981 0.065
981 0.08
981 0.03
982 0.059
982 0.072
982 0.025
983 0.049
983 0.064
983 0.032
984 0.06
984 0.093
984 0.038
985 0.066
985 0.108
985 0.04
986 0.053
986 0.067
986 0.038
987 0.053
987 0.071
987 0.043
988 0.05
988 0.065
988 0.028
989 0.044
989 0.063
989 0.024
990 0.043
