100 0.001
100 0.001
100 0
200 0.002
200 0.003
200 0
300 0.003
300 0.006
300 0
0 0
0 0
0 0
0 0
1 0
1 0
1 0
2 0
2 0
2 0
3 0
3 0
3 0
4 0
4 0
4 0
5 0
5 0
5 0
6 0
6 0
6 0
7 0
7 0
7 0
8 0
8 0
8 0
9 0
9 0
9 0
10 0
10 0
10 0
11 0
11 0
11 0
12 0
12 0
12 0
13 0
13 0
13 0
1 0
1 0
1 0
2 0
2 0
2 0
3 0
3 0
3 0
4 0
4 0
4 0
5 0
5 0
5 0
6 0
6 0
6 0
7 0
7 0
7 0
8 0
8 0
8 0
9 0.001
9 0
9 0
10 0
10 0
10 0
11 0
11 0
11 0
12 0
12 0
12 0
13 0
13 0
13 0
14 0
14 0
14 0
15 0
15 0
15 0
16 0
16 0
16 0
17 0
17 0
17 0
18 0
18 0
18 0
19 0
19 0
19 0
20 0
20 0
20 0
21 0
21 0
21 0
22 0
22 0
22 0
23 0
23 0
23 0
24 0
24 0
24 0
25 0
25 0
25 0
26 0
26 0
26 0
27 0
27 0
27 0
28 0
28 0
28 0
29 0
29 0
29 0
30 0.001
30 0
30 0
31 0
31 0
31 0
32 0
32 0
32 0
33 0
33 0
33 0
34 0
34 0
34 0
35 0
35 0
35 0
36 0
36 0
36 0
37 0
37 0
37 0
38 0
38 0
38 0
1 0
1 0
1 0
2 0
2 0
2 0
3 0
3 0
3 0
4 0
4 0
4 0
5 0
5 0
5 0
6 0
6 0
6 0
7 0
7 0
7 0
8 0
8 0
8 0
9 0
9 0
9 0
10 0
10 0
10 0
11 0
11 0
11 0
12 0
12 0
12 0
13 0
13 0
13 0
14 0.001
14 0
14 0
15 0
15 0
15 0
16 0
16 0
16 0
17 0
17 0
17 0
18 0
18 0
18 0
19 0
19 0
19 0
20 0
20 0
20 0
21 0
21 0
21 0
22 0
22 0
22 0
23 0
23 0
23 0
24 0
24 0
24 0
25 0
25 0
25 0
26 0
26 0.001
26 0
27 0
27 0
27 0
28 0
28 0
28 0
29 0
29 0
29 0
30 0
30 0
30 0
31 0
31 0
31 0
32 0
32 0
32 0
33 0
33 0
33 0
34 0
34 0
34 0
35 0
35 0
35 0
36 0
36 0
36 0
37 0
37 0
37 0
38 0
38 0
38 0
39 0
39 0
39 0
40 0
40 0
40 0
41 0
41 0.001
41 0
42 0
42 0
42 0
43 0
43 0
43 0
44 0
44 0
44 0
45 0
45 0
45 0
46 0
46 0
46 0
47 0
47 0
47 0
48 0
48 0.001
48 0
49 0
49 0
49 0
50 0
50 0
50 0
51 0
51 0
51 0
52 0
52 0
52 0
53 0
53 0
53 0
54 0
54 0
54 0
55 0
55 0.001
55 0
56 0.001
56 0
56 0
57 0
57 0
57 0
58 0
58 0.001
58 0
59 0
59 0
59 0
60 0
60 0.001
60 0
61 0
61 0
61 0
62 0
62 0.001
62 0
63 0
63 0.001
63 0
64 0
64 0.001
64 0
65 0
65 0
65 0
66 0
66 0.001
66 0
67 0
67 0
67 0
68 0
68 0
68 0
69 0.001
69 0
69 0
70 0
70 0
70 0
71 0.001
71 0
71 0
72 0
72 0
72 0
73 0
73 0
73 0
74 0
74 0
74 0
75 0.001
75 0
75 0
76 0
76 0
76 0
77 0.001
77 0.001
77 0
78 0
78 0.001
78 0
79 0
79 0
79 0.001
80 0.001
80 0
80 0
81 0
81 0.001
81 0
82 0
82 0.001
82 0
83 0
83 0.001
83 0
84 0
84 0.001
84 0
85 0
85 0
85 0
86 0.001
86 0.001
86 0
87 0
87 0.001
87 0
88 0.001
88 0
88 0
89 0
89 0
89 0
90 0.001
90 0
90 0
91 0.001
91 0.001
91 0
92 0
92 0
92 0
93 0.001
93 0
93 0
94 0.001
94 0
94 0
95 0
95 0.001
95 0
96 0
96 0
96 0
97 0.001
97 0.001
97 0
98 0.001
98 0
98 0
99 0
99 0.001
99 0
100 0
100 0
100 0
101 0.001
101 0.001
101 0
102 0
102 0.001
102 0.001
103 0
103 0
103 0
104 0.001
104 0.001
104 0
105 0
105 0.001
105 0
106 0.001
106 0.001
106 0
107 0
107 0.001
107 0
108 0
108 0.001
108 0.001
109 0.001
109 0.001
109 0
110 0
110 0.002
110 0
111 0.001
111 0.001
111 0
112 0.001
112 0.001
112 0
113 0.001
113 0
113 0
114 0.001
114 0.001
114 0
115 0.001
115 0.001
115 0
116 0.001
116 0
116 0
117 0.001
117 0.001
117 0
118 0
118 0.001
118 0
119 0
119 0.001
119 0
120 0.001
120 0.001
120 0
121 0.001
121 0.001
121 0
122 0.001
122 0.001
122 0
123 0
123 0.001
123 0
124 0
124 0.002
124 0.001
125 0.001
125 0.001
125 0
126 0
126 0.001
126 0.001
127 0
127 0.001
127 0
128 0.001
128 0.001
128 0.001
129 0.001
129 0.001
129 0
130 0.001
130 0.001
130 0.001
131 0.001
131 0.001
131 0
132 0.001
132 0.001
132 0
133 0.001
133 0.001
133 0
134 0.001
134 0.001
134 0
135 0.001
135 0.001
135 0
136 0.001
136 0.002
136 0
137 0
137 0.002
137 0
138 0.001
138 0.002
138 0
139 0.001
139 0.001
139 0
140 0.001
140 0.001
140 0
141 0
141 0.001
141 0
142 0
142 0.001
142 0
143 0.002
143 0.001
143 0
144 0.001
144 0.002
144 0
145 0.001
145 0.001
145 0
146 0.001
146 0.001
146 0
147 0.001
147 0.001
147 0
148 0.001
148 0.002
148 0
149 0.001
149 0.001
149 0
150 0.001
150 0.002
150 0
151 0.001
151 0.002
151 0
152 0.001
152 0.002
152 0
153 0.001
153 0.002
153 0
154 0.001
154 0.001
154 0
155 0.001
155 0.002
155 0
156 0.001
156 0.002
156 0
157 0.002
157 0.002
157 0
158 0.001
158 0.002
158 0
159 0.002
159 0.002
159 0
160 0.001
160 0.002
160 0.001
161 0.002
161 0.002
161 0.001
162 0.002
162 0.002
162 0
163 0.002
163 0.002
163 0.001
164 0.001
164 0.002
164 0
165 0.002
165 0.002
165 0
166 0.002
166 0.002
166 0
167 0.001
167 0.002
167 0
168 0.001
168 0.001
168 0
169 0.001
169 0.002
169 0
170 0.001
170 0.002
170 0.001
171 0.001
171 0.002
171 0
172 0.001
172 0.002
172 0
173 0.001
173 0.003
173 0
174 0.002
174 0.002
174 0.001
175 0.001
175 0.002
175 0
176 0.001
176 0.002
176 0
177 0.001
177 0.002
177 0
178 0.001
178 0.002
178 0
179 0.002
179 0.002
179 0.001
180 0.001
180 0.002
180 0
181 0.001
181 0.003
181 0
182 0.001
182 0.002
182 0
183 0.002
183 0.002
183 0
184 0.001
184 0.002
184 0.001
185 0.001
185 0.002
185 0
186 0.002
186 0.004
186 0.001
187 0.001
187 0.003
187 0
188 0.002
188 0.003
188 0
189 0.001
189 0.003
189 0
190 0.002
190 0.002
190 0
191 0.001
191 0.002
191 0
192 0.002
192 0.003
192 0
193 0.001
193 0.002
193 0
194 0.002
194 0.002
194 0
195 0.001
195 0.003
195 0
196 0.002
196 0.003
196 0
197 0.002
197 0.002
197 0
198 0.002
198 0.002
198 0.001
199 0.002
199 0.003
199 0
200 0.002
200 0.002
200 0
201 0.001
201 0.003
201 0
202 0.002
202 0.003
202 0
203 0.001
203 0.002
203 0
204 0.002
204 0.002
204 0
205 0.002
205 0.002
205 0.001
206 0.002
206 0.002
206 0
207 0.002
207 0.003
207 0
208 0.002
208 0.002
208 0
209 0.002
209 0.003
209 0
210 0.002
210 0.003
210 0
211 0.001
211 0.003
211 0.001
212 0.001
212 0.003
212 0
213 0.002
213 0.003
213 0
214 0.002
214 0.003
214 0
215 0.002
215 0.003
215 0.001
216 0.002
216 0.003
216 0
217 0.002
217 0.003
217 0
218 0.002
218 0.003
218 0
219 0.002
219 0.003
219 0
220 0.002
220 0.003
220 0
221 0.002
221 0.003
221 0
222 0.002
222 0.003
222 0
223 0.002
223 0.003
223 0
224 0.002
224 0.003
224 0
225 0.002
225 0.003
225 0
226 0.002
226 0.003
226 0
227 0.002
227 0.003
227 0
228 0.002
228 0.004
228 0
229 0.002
229 0.003
229 0
230 0.002
230 0.003
230 0
231 0.002
231 0.003
231 0.001
232 0.002
232 0.004
232 0
233 0.002
233 0.004
233 0
234 0.002
234 0.004
234 0
235 0.003
235 0.004
235 0
236 0.002
236 0.004
236 0
237 0.002
237 0.004
237 0
238 0.002
238 0.003
238 0
239 0.002
239 0.003
239 0
240 0.003
240 0.004
240 0.001
241 0.002
241 0.003
241 0
242 0.002
242 0.004
242 0.001
243 0.002
243 0.004
243 0.001
244 0.002
244 0.003
244 0
245 0.003
245 0.003
245 0
246 0.002
246 0.004
246 0.001
247 0.003
247 0.004
247 0
248 0.003
248 0.004
248 0
249 0.002
249 0.004
249 0.001
250 0.003
250 0.004
250 0.001
251 0.002
251 0.004
251 0
252 0.004
252 0.004
252 0
253 0.002
253 0.004
253 0
254 0.002
254 0.004
254 0.001
255 0.003
255 0.004
255 0
256 0.003
256 0.004
256 0
257 0.003
257 0.004
257 0
258 0.003
258 0.004
258 0.001
259 0.003
259 0.005
259 0
260 0.003
260 0.004
260 0.001
261 0.002
261 0.004
261 0.001
262 0.003
262 0.005
262 0.001
263 0.004
263 0.004
263 0
264 0.003
264 0.005
264 0
265 0.003
265 0.004
265 0
266 0.003
266 0.005
266 0
267 0.003
267 0.004
267 0
268 0.003
268 0.004
268 0.001
269 0.003
269 0.004
269 0
270 0.003
270 0.005
270 0.001
271 0.002
271 0.004
271 0.001
280 0.003
280 0.005
280 0
281 0.003
281 0.008
281 0
282 0.003
282 0.005
282 0.001
280 0.004
280 0.005
280 0.001
281 0.004
281 0.006
281 0.001
282 0.003
282 0.005
282 0.001
283 0.003
283 0.005
283 0.001
284 0.004
284 0.006
284 0
285 0.004
285 0.007
285 0.001
286 0.002
286 0.005
286 0.001
287 0.003
287 0.005
287 0.001
288 0.003
288 0.005
288 0.001
289 0.004
289 0.005
289 0
290 0.004
290 0.005
290 0
291 0.004
291 0.005
291 0.001
292 0.004
292 0.006
292 0
293 0.003
293 0.005
293 0.001
294 0.004
294 0.006
294 0
295 0.004
295 0.005
295 0.001
296 0.004
296 0.006
296 0
297 0.005
297 0.006
297 0.001
298 0.003
298 0.006
298 0.001
299 0.003
299 0.006
299 0
300 0.004
300 0.006
300 0.001
301 0.005
301 0.007
301 0.001
302 0.003
302 0.006
302 0.001
303 0.003
303 0.008
303 0
304 0.004
304 0.006
304 0
305 0.003
305 0.006
305 0.001
306 0.004
306 0.006
306 0
307 0.003
307 0.006
307 0.001
308 0.004
308 0.007
308 0.001
309 0.004
309 0.006
309 0.001
310 0.004
310 0.006
310 0.001
311 0.004
311 0.006
311 0.001
312 0.004
312 0.006
312 0.001
313 0.004
313 0.007
313 0.001
314 0.004
314 0.007
314 0
315 0.004
315 0.006
315 0.001
316 0.004
316 0.006
316 0.001
317 0.003
317 0.007
317 0
318 0.004
318 0.006
318 0.001
319 0.005
319 0.006
319 0.001
320 0.004
320 0.007
320 0
321 0.006
321 0.006
321 0
322 0.004
322 0.007
322 0
323 0.004
323 0.007
323 0
324 0.004
324 0.007
324 0
325 0.004
325 0.006
325 0
326 0.005
326 0.007
326 0
327 0.004
327 0.006
327 0.001
328 0.004
328 0.007
328 0
329 0.005
329 0.007
329 0
330 0.004
330 0.007
330 0
331 0.004
331 0.008
331 0
332 0.006
332 0.007
332 0
333 0.004
333 0.007
333 0
334 0.005
334 0.007
334 0.001
335 0.004
335 0.007
335 0.001
336 0.004
336 0.007
336 0.001
337 0.004
337 0.007
337 0.001
338 0.005
338 0.007
338 0.001
339 0.004
339 0.008
339 0
340 0.005
340 0.008
340 0
341 0.005
341 0.008
341 0.001
342 0.004
342 0.008
342 0.001
343 0.005
343 0.007
343 0
344 0.005
344 0.007
344 0.001
345 0.005
345 0.013
345 0.001
346 0.005
346 0.008
346 0
347 0.005
347 0.008
347 0.001
348 0.005
348 0.008
348 0
349 0.005
349 0.008
349 0.001
350 0.005
350 0.008
350 0.001
351 0.005
351 0.008
351 0.001
352 0.005
352 0.007
352 0
353 0.005
353 0.008
353 0.001
354 0.005
354 0.008
354 0
355 0.006
355 0.008
355 0.001
356 0.005
356 0.008
356 0
357 0.005
357 0.008
357 0.001
358 0.005
358 0.008
358 0.001
359 0.005
359 0.008
359 0
360 0.005
360 0.009
360 0.001
361 0.005
361 0.009
361 0.001
362 0.005
362 0.008
362 0.001
363 0.006
363 0.008
363 0
364 0.005
364 0.009
364 0
365 0.006
365 0.009
365 0.001
366 0.005
366 0.009
366 0
367 0.005
367 0.008
367 0.001
368 0.006
368 0.009
368 0.001
369 0.006
369 0.009
369 0.001
370 0.006
370 0.008
370 0
371 0.005
371 0.012
371 0
372 0.006
372 0.009
372 0.001
373 0.006
373 0.009
373 0.001
374 0.006
374 0.009
374 0
375 0.006
375 0.012
375 0.001
376 0.006
376 0.009
376 0.001
377 0.007
377 0.01
377 0.001
378 0.006
378 0.01
378 0.001
379 0.005
379 0.009
379 0.001
380 0.006
380 0.009
380 0.001
381 0.006
381 0.009
381 0
382 0.006
382 0.009
382 0.001
383 0.006
383 0.009
383 0
384 0.006
384 0.01
384 0.001
385 0.006
385 0.012
385 0.001
386 0.005
386 0.01
386 0.001
387 0.006
387 0.011
387 0.001
388 0.008
388 0.011
388 0.001
389 0.008
389 0.01
389 0.001
390 0.006
390 0.009
390 0.001
391 0.006
391 0.013
391 0.001
392 0.006
392 0.009
392 0.001
393 0.006
393 0.01
393 0.001
394 0.007
394 0.01
394 0
395 0.006
395 0.01
395 0.001
396 0.006
396 0.01
396 0
397 0.006
397 0.01
397 0
398 0.007
398 0.01
398 0.001
399 0.007
399 0.01
399 0
400 0.007
400 0.01
400 0.001
401 0.007
401 0.011
401 0.001
402 0.007
402 0.01
402 0.001
403 0.006
403 0.012
403 0.001
404 0.006
404 0.011
404 0.001
405 0.007
405 0.01
405 0.001
406 0.006
406 0.01
406 0.001
407 0.006
407 0.013
407 0
408 0.008
408 0.018
408 0.001
409 0.007
409 0.01
409 0.001
410 0.008
410 0.016
410 0.001
411 0.007
411 0.015
411 0.002
412 0.006
412 0.011
412 0.001
413 0.007
413 0.014
413 0.001
414 0.007
414 0.01
414 0.001
415 0.007
415 0.011
415 0.001
416 0.007
416 0.012
416 0.001
417 0.007
417 0.014
417 0.001
418 0.007
418 0.011
418 0.001
419 0.007
419 0.011
419 0.001
420 0.007
420 0.011
420 0
421 0.008
421 0.016
421 0.001
422 0.011
422 0.012
422 0.001
423 0.007
423 0.013
423 0.001
424 0.007
424 0.013
424 0.001
425 0.007
425 0.015
425 0.001
426 0.008
426 0.012
426 0.001
427 0.007
427 0.013
427 0.001
428 0.011
428 0.012
428 0.001
429 0.011
429 0.013
429 0
430 0.007
430 0.012
430 0.001
431 0.007
431 0.012
431 0
432 0.01
432 0.011
432 0.001
433 0.008
433 0.012
433 0.002
434 0.008
434 0.012
434 0.001
435 0.006
435 0.015
435 0.001
436 0.008
436 0.015
436 0.001
437 0.012
437 0.016
437 0
438 0.007
438 0.013
438 0.001
439 0.008
439 0.013
439 0.001
440 0.007
440 0.016
440 0.001
441 0.012
441 0.015
441 0.001
442 0.008
442 0.013
442 0.001
443 0.008
443 0.015
443 0.001
444 0.013
444 0.019
444 0.001
445 0.008
445 0.014
445 0.002
446 0.008
446 0.013
446 0.001
447 0.02
447 0.013
447 0.001
448 0.008
448 0.02
448 0.001
449 0.008
449 0.02
449 0.001
450 0.012
450 0.016
450 0.001
451 0.009
451 0.014
451 0.001
452 0.008
452 0.014
452 0.001
453 0.013
453 0.02
453 0.001
454 0.01
454 0.02
454 0.001
455 0.008
455 0.016
455 0.001
456 0.009
456 0.014
456 0.001
457 0.009
457 0.019
457 0.001
458 0.009
458 0.014
458 0.001
459 0.01
459 0.013
459 0.001
460 0.009
460 0.013
460 0.001
461 0.009
461 0.013
461 0.001
462 0.008
462 0.013
462 0.001
463 0.009
463 0.013
463 0.001
464 0.01
464 0.014
464 0.001
465 0.008
465 0.015
465 0.001
466 0.008
466 0.013
466 0.001
467 0.009
467 0.013
467 0.001
468 0.009
468 0.013
468 0.001
469 0.009
469 0.014
469 0.001
470 0.009
470 0.014
470 0.002
471 0.009
471 0.016
471 0.001
472 0.009
472 0.014
472 0.001
473 0.009
473 0.015
473 0.002
474 0.009
474 0.014
474 0.002
475 0.009
475 0.015
475 0.001
476 0.008
476 0.015
476 0.001
477 0.009
477 0.016
477 0.001
478 0.009
478 0.014
478 0.001
479 0.014
479 0.015
479 0.002
480 0.01
480 0.015
480 0.001
481 0.009
481 0.015
481 0.001
482 0.009
482 0.015
482 0.001
483 0.009
483 0.014
483 0.002
484 0.009
484 0.015
484 0.002
485 0.009
485 0.014
485 0.001
486 0.009
486 0.015
486 0.001
487 0.01
487 0.015
487 0.001
488 0.009
488 0.015
488 0.002
489 0.009
489 0.015
489 0.001
490 0.009
490 0.015
490 0.002
491 0.009
491 0.015
491 0.001
492 0.01
492 0.015
492 0.001
493 0.011
493 0.015
493 0.001
494 0.013
494 0.017
494 0.001
495 0.01
495 0.015
495 0.001
496 0.01
496 0.016
496 0.001
497 0.016
497 0.025
497 0.001
498 0.009
498 0.015
498 0.002
499 0.009
499 0.016
499 0.001
500 0.009
500 0.02
500 0.001
501 0.01
501 0.016
501 0.001
502 0.01
502 0.015
502 0.002
503 0.012
503 0.017
503 0.001
504 0.013
504 0.026
504 0.002
505 0.011
505 0.017
505 0.002
506 0.01
506 0.016
506 0.001
507 0.012
507 0.017
507 0.001
508 0.011
508 0.017
508 0.001
509 0.011
509 0.017
509 0.001
510 0.011
510 0.018
510 0.001
511 0.01
511 0.019
511 0.001
512 0.013
512 0.017
512 0.001
513 0.014
513 0.016
513 0.001
514 0.01
514 0.016
514 0.002
515 0.011
515 0.017
515 0.001
516 0.011
516 0.022
516 0.001
517 0.011
517 0.017
517 0.001
518 0.011
518 0.018
518 0.002
519 0.01
519 0.017
519 0.002
520 0.013
520 0.017
520 0.001
521 0.01
521 0.021
521 0.001
522 0.01
522 0.017
522 0.001
523 0.014
523 0.018
523 0.002
524 0.011
524 0.018
524 0.001
525 0.01
525 0.018
525 0.002
526 0.011
526 0.018
526 0.002
527 0.011
527 0.017
527 0.001
528 0.011
528 0.023
528 0.002
529 0.011
529 0.018
529 0.001
530 0.015
530 0.022
530 0.002
531 0.013
531 0.018
531 0.001
532 0.01
532 0.025
532 0.002
533 0.011
533 0.018
533 0.001
534 0.015
534 0.018
534 0.002
535 0.011
535 0.021
535 0.002
536 0.015
536 0.021
536 0.002
537 0.011
537 0.018
537 0.001
538 0.011
538 0.018
538 0.001
539 0.013
539 0.018
539 0.001
540 0.014
540 0.019
540 0.001
541 0.011
541 0.027
541 0.001
542 0.012
542 0.024
542 0.001
543 0.011
543 0.021
543 0.001
544 0.017
544 0.019
544 0.003
545 0.011
545 0.019
545 0.002
546 0.012
546 0.018
546 0.001
547 0.012
547 0.019
547 0.001
548 0.012
548 0.019
548 0.001
549 0.012
549 0.019
549 0.001
550 0.014
550 0.019
550 0.002
551 0.011
551 0.019
551 0.001
552 0.012
552 0.02
552 0.002
553 0.011
553 0.019
553 0.002
554 0.012
554 0.026
554 0.002
555 0.011
555 0.019
555 0.002
556 0.012
556 0.019
556 0.002
557 0.013
557 0.019
557 0.001
558 0.013
558 0.019
558 0.002
559 0.013
559 0.021
559 0.002
560 0.012
560 0.02
560 0.001
561 0.014
561 0.019
561 0.002
562 0.012
562 0.019
562 0.001
563 0.013
563 0.021
563 0.001
564 0.012
564 0.02
564 0.002
565 0.013
565 0.02
565 0.002
566 0.013
566 0.02
566 0.002
567 0.013
567 0.02
567 0.001
568 0.013
568 0.025
568 0.001
569 0.012
569 0.02
569 0.002
570 0.013
570 0.021
570 0.002
571 0.013
571 0.021
571 0.002
572 0.013
572 0.025
572 0.002
573 0.012
573 0.021
573 0.001
574 0.013
574 0.027
574 0.001
575 0.013
575 0.021
575 0.002
576 0.013
576 0.022
576 0.002
577 0.015
577 0.021
577 0.001
578 0.013
578 0.025
578 0.001
579 0.014
579 0.021
579 0.002
580 0.013
580 0.022
580 0.002
581 0.014
581 0.022
581 0.002
582 0.013
582 0.03
582 0.002
583 0.017
583 0.021
583 0.001
584 0.013
584 0.021
584 0.002
585 0.013
585 0.022
585 0.002
586 0.014
586 0.022
586 0.002
587 0.014
587 0.021
587 0.002
588 0.014
588 0.023
588 0.002
589 0.014
589 0.021
589 0.002
590 0.014
590 0.022
590 0.002
591 0.014
591 0.023
591 0.002
592 0.014
592 0.023
592 0.002
593 0.014
593 0.023
593 0.002
594 0.014
594 0.022
594 0.002
595 0.013
595 0.023
595 0.001
596 0.013
596 0.024
596 0.002
597 0.013
597 0.023
597 0.002
598 0.015
598 0.025
598 0.002
599 0.014
599 0.023
599 0.002
600 0.014
600 0.028
600 0.002
601 0.014
601 0.023
601 0.002
602 0.015
602 0.023
602 0.002
603 0.014
603 0.023
603 0.002
604 0.014
604 0.023
604 0.002
605 0.014
605 0.024
605 0.001
606 0.015
606 0.023
606 0.002
607 0.015
607 0.024
607 0.002
608 0.015
608 0.025
608 0.001
609 0.015
609 0.023
609 0.001
610 0.014
610 0.026
610 0.002
611 0.014
611 0.023
611 0.002
612 0.015
612 0.025
612 0.002
613 0.014
613 0.024
613 0.001
614 0.016
614 0.031
614 0.002
615 0.014
615 0.023
615 0.002
616 0.015
616 0.024
616 0.002
617 0.015
617 0.024
617 0.002
618 0.016
618 0.028
618 0.002
619 0.015
619 0.024
619 0.002
620 0.015
620 0.024
620 0.002
621 0.015
621 0.026
621 0.002
622 0.014
622 0.028
622 0.002
623 0.015
623 0.025
623 0.001
624 0.015
624 0.025
624 0.002
625 0.015
625 0.025
625 0.002
626 0.019
626 0.025
626 0.002
627 0.016
627 0.025
627 0.002
628 0.015
628 0.024
628 0.001
629 0.016
629 0.025
629 0.002
630 0.016
630 0.025
630 0.002
631 0.015
631 0.025
631 0.002
632 0.015
632 0.025
632 0.002
633 0.015
633 0.026
633 0.003
634 0.016
634 0.026
634 0.002
635 0.016
635 0.025
635 0.002
636 0.016
636 0.026
636 0.002
637 0.016
637 0.026
637 0.003
638 0.016
638 0.026
638 0.002
639 0.015
639 0.025
639 0.002
640 0.016
640 0.026
640 0.002
641 0.016
641 0.026
641 0.002
642 0.016
642 0.026
642 0.002
643 0.016
643 0.026
643 0.002
644 0.016
644 0.026
644 0.002
645 0.017
645 0.026
645 0.003
646 0.016
646 0.026
646 0.002
647 0.016
647 0.026
647 0.002
648 0.016
648 0.026
648 0.003
649 0.017
649 0.026
649 0.002
650 0.016
650 0.027
650 0.002
651 0.017
651 0.027
651 0.002
652 0.017
652 0.027
652 0.002
653 0.016
653 0.028
653 0.002
654 0.017
654 0.027
654 0.002
655 0.016
655 0.027
655 0.002
656 0.017
656 0.027
656 0.002
657 0.016
657 0.027
657 0.002
658 0.017
658 0.027
658 0.002
659 0.016
659 0.028
659 0.003
660 0.017
660 0.027
660 0.002
661 0.016
661 0.028
661 0.003
662 0.017
662 0.028
662 0.002
663 0.017
663 0.029
663 0.002
664 0.017
664 0.028
664 0.002
665 0.022
665 0.028
665 0.003
666 0.018
666 0.028
666 0.002
667 0.02
667 0.028
667 0.002
668 0.018
668 0.028
668 0.002
669 0.017
669 0.028
669 0.002
670 0.018
670 0.028
670 0.002
671 0.017
671 0.029
671 0.002
672 0.018
672 0.028
672 0.002
673 0.018
673 0.028
673 0.002
674 0.018
674 0.028
674 0.002
675 0.018
675 0.033
675 0.002
676 0.018
676 0.029
676 0.002
677 0.018
677 0.029
677 0.003
678 0.018
678 0.029
678 0.002
679 0.02
679 0.029
679 0.003
680 0.018
680 0.029
680 0.003
681 0.02
681 0.029
681 0.002
682 0.018
682 0.029
682 0.003
683 0.019
683 0.029
683 0.002
684 0.018
684 0.031
684 0.003
685 0.022
685 0.03
685 0.002
686 0.018
686 0.03
686 0.002
687 0.018
687 0.029
687 0.002
688 0.018
688 0.03
688 0.002
689 0.019
689 0.03
689 0.003
690 0.019
690 0.03
690 0.002
691 0.019
691 0.03
691 0.002
692 0.018
692 0.03
692 0.003
693 0.02
693 0.03
693 0.003
694 0.019
694 0.032
694 0.002
695 0.019
695 0.031
695 0.003
696 0.019
696 0.031
696 0.002
697 0.02
697 0.03
697 0.003
698 0.019
698 0.032
698 0.002
699 0.019
699 0.031
699 0.002
700 0.021
700 0.031
700 0.003
701 0.019
701 0.031
701 0.002
702 0.019
702 0.031
702 0.002
703 0.022
703 0.031
703 0.003
704 0.02
704 0.031
704 0.003
705 0.02
705 0.031
705 0.003
706 0.019
706 0.031
706 0.003
707 0.02
707 0.031
707 0.003
708 0.019
708 0.032
708 0.003
709 0.02
709 0.032
709 0.002
710 0.021
710 0.032
710 0.003
711 0.02
711 0.032
711 0.003
712 0.02
712 0.032
712 0.003
713 0.021
713 0.033
713 0.003
714 0.02
714 0.032
714 0.003
715 0.021
715 0.032
715 0.003
716 0.019
716 0.032
716 0.003
717 0.02
717 0.032
717 0.002
718 0.021
718 0.032
718 0.003
719 0.021
719 0.033
719 0.002
720 0.02
720 0.032
720 0.003
721 0.022
721 0.033
721 0.003
722 0.02
722 0.032
722 0.002
723 0.022
723 0.033
723 0.003
724 0.02
724 0.034
724 0.002
725 0.023
725 0.033
725 0.003
726 0.021
726 0.033
726 0.003
727 0.021
727 0.033
727 0.003
728 0.02
728 0.033
728 0.003
729 0.021
729 0.034
729 0.003
730 0.022
730 0.036
730 0.002
731 0.024
731 0.034
731 0.003
732 0.021
732 0.034
732 0.004
733 0.022
733 0.034
733 0.003
734 0.021
734 0.034
734 0.003
735 0.025
735 0.034
735 0.003
736 0.021
736 0.034
736 0.003
737 0.023
737 0.034
737 0.003
738 0.021
738 0.035
738 0.003
739 0.025
739 0.036
739 0.003
740 0.022
740 0.035
740 0.003
741 0.023
741 0.035
741 0.002
742 0.021
742 0.034
742 0.003
743 0.023
743 0.035
743 0.003
744 0.022
744 0.035
744 0.002
745 0.023
745 0.036
745 0.003
746 0.021
746 0.035
746 0.003
747 0.021
747 0.035
747 0.003
748 0.023
748 0.037
748 0.003
749 0.023
749 0.035
749 0.003
750 0.022
750 0.035
750 0.004
751 0.023
751 0.036
751 0.003
752 0.021
752 0.036
752 0.003
753 0.023
753 0.036
753 0.003
754 0.022
754 0.035
754 0.003
755 0.022
755 0.036
755 0.002
756 0.021
756 0.036
756 0.003
757 0.022
757 0.036
757 0.003
758 0.022
758 0.036
758 0.003
759 0.022
759 0.036
759 0.003
760 0.023
760 0.037
760 0.003
761 0.023
761 0.04
761 0.003
762 0.022
762 0.036
762 0.004
763 0.026
763 0.036
763 0.004
764 0.022
764 0.036
764 0.002
765 0.027
765 0.037
765 0.003
766 0.027
766 0.036
766 0.004
767 0.024
767 0.037
767 0.003
768 0.024
768 0.038
768 0.003
769 0.024
769 0.037
769 0.003
770 0.023
770 0.037
770 0.001
771 0.024
771 0.038
771 0.002
772 0.024
772 0.038
772 0.003
773 0.024
773 0.038
773 0.002
774 0.023
774 0.037
774 0.002
775 0.024
775 0.038
775 0.002
776 0.027
776 0.038
776 0.003
777 0.026
777 0.045
777 0.002
778 0.025
778 0.038
778 0.002
779 0.024
779 0.038
779 0.002
780 0.023
780 0.038
780 0.001
781 0.027
781 0.039
781 0.002
782 0.024
782 0.039
782 0.002
783 0.024
783 0.038
783 0.003
784 0.025
784 0.038
784 0.002
785 0.031
785 0.038
785 0.003
786 0.023
786 0.039
786 0.002
787 0.025
787 0.039
787 0.004
788 0.024
788 0.039
788 0.002
789 0.025
789 0.039
789 0.003
790 0.024
790 0.039
790 0.002
791 0.026
791 0.04
791 0.002
792 0.025
792 0.039
792 0.002
793 0.025
793 0.041
793 0.002
794 0.023
794 0.039
794 0.003
795 0.026
795 0.039
795 0.003
796 0.024
796 0.044
796 0.002
797 0.026
797 0.04
797 0.002
798 0.024
798 0.04
798 0.003
799 0.024
799 0.041
799 0.003
800 0.026
800 0.041
800 0.003
801 0.027
801 0.04
801 0.003
802 0.025
802 0.04
802 0.002
803 0.025
803 0.04
803 0.002
804 0.025
804 0.04
804 0.002
805 0.028
805 0.041
805 0.003
806 0.025
806 0.041
806 0.003
807 0.025
807 0.041
807 0.003
808 0.025
808 0.041
808 0.003
809 0.027
809 0.041
809 0.002
810 0.024
810 0.042
810 0.003
811 0.026
811 0.041
811 0.003
812 0.025
812 0.041
812 0.003
813 0.025
813 0.041
813 0.002
814 0.026
814 0.042
814 0.002
815 0.026
815 0.042
815 0.003
816 0.039
816 0.042
816 0.003
817 0.025
817 0.042
817 0.002
818 0.026
818 0.043
818 0.002
819 0.026
819 0.042
819 0.003
820 0.026
820 0.042
820 0.003
821 0.026
821 0.042
821 0.003
822 0.025
822 0.042
822 0.002
823 0.026
823 0.042
823 0.003
824 0.028
824 0.043
824 0.004
825 0.026
825 0.043
825 0.003
826 0.027
826 0.043
826 0.003
827 0.026
827 0.043
827 0.002
828 0.028
828 0.043
828 0.002
829 0.026
829 0.044
829 0.002
830 0.027
830 0.043
830 0.004
831 0.027
831 0.045
831 0.003
832 0.029
832 0.044
832 0.003
833 0.027
833 0.044
833 0.002
834 0.027
834 0.093
834 0.004
835 0.031
835 0.044
835 0.004
836 0.04
836 0.05
836 0.002
837 0.031
837 0.049
837 0.003
838 0.028
838 0.051
838 0.005
839 0.032
839 0.053
839 0.004
840 0.036
840 0.07
840 0.003
841 0.028
841 0.046
841 0.004
842 0.037
842 0.052
842 0.002
843 0.031
843 0.067
843 0.004
844 0.031
844 0.054
844 0.004
845 0.034
845 0.065
845 0.004
846 0.046
846 0.071
846 0.002
847 0.058
847 0.075
847 0.005
848 0.036
848 0.064
848 0.004
849 0.046
849 0.066
849 0.003
850 0.033
850 0.051
850 0.003
851 0.038
851 0.046
851 0.003
852 0.031
852 0.055
852 0.005
853 0.032
853 0.047
853 0.003
854 0.029
854 0.047
854 0.002
855 0.028
855 0.059
855 0.003
856 0.03
856 0.049
856 0.003
857 0.029
857 0.048
857 0.003
858 0.03
858 0.048
858 0.003
859 0.028
859 0.047
859 0.002
860 0.029
860 0.047
860 0.003
861 0.029
861 0.046
861 0.003
862 0.029
862 0.047
862 0.003
863 0.03
863 0.048
863 0.004
864 0.03
864 0.048
864 0.005
865 0.033
865 0.048
865 0.003
866 0.029
866 0.05
866 0.003
867 0.03
867 0.048
867 0.003
868 0.029
868 0.059
868 0.003
869 0.03
869 0.048
869 0.003
870 0.03
870 0.047
870 0.003
871 0.031
871 0.048
871 0.003
872 0.029
872 0.053
872 0.005
873 0.029
873 0.048
873 0.003
874 0.035
874 0.05
874 0.003
875 0.028
875 0.048
875 0.004
876 0.032
876 0.048
876 0.004
877 0.029
877 0.049
877 0.004
878 0.03
878 0.05
878 0.003
879 0.03
879 0.049
879 0.004
880 0.03
880 0.052
880 0.003
881 0.031
881 0.049
881 0.003
882 0.031
882 0.056
882 0.003
883 0.03
883 0.049
883 0.003
884 0.03
884 0.049
884 0.002
885 0.031
885 0.049
885 0.003
886 0.032
886 0.05
886 0.004
887 0.033
887 0.05
887 0.004
888 0.031
888 0.054
888 0.006
889 0.031
889 0.05
889 0.004
890 0.031
890 0.05
890 0.004
891 0.031
891 0.05
891 0.003
892 0.031
892 0.053
892 0.003
893 0.033
893 0.062
893 0.004
894 0.032
894 0.051
894 0.002
895 0.033
895 0.051
895 0.004
896 0.031
896 0.051
896 0.003
897 0.032
897 0.05
897 0.003
898 0.031
898 0.07
898 0.004
899 0.03
899 0.051
899 0.004
900 0.032
900 0.051
900 0.004
901 0.03
901 0.052
901 0.003
902 0.035
902 0.051
902 0.003
903 0.032
903 0.031
903 0.05
903 0.006
904 0.034
904 0.051
904 0.004
905 0.032
905 0.052
905 0.003
906 0.032
906 0.053
906 0.004
907 0.032
907 0.051
907 0.003
908 0.038
908 0.05
908 0.003
909 0.032
909 0.058
909 0.004
910 0.032
910 0.051
910 0.003
911 0.032
911 0.051
911 0.003
912 0.036
912 0.051
912 0.003
913 0.032
913 0.052
913 0.004
914 0.036
914 0.052
914 0.005
915 0.033
915 0.051
915 0.005
916 0.035
916 0.052
916 0.003
917 0.031
917 0.052
917 0.004
918 0.036
918 0.052
918 0.003
919 0.032
919 0.052
919 0.004
920 0.036
920 0.052
920 0.004
921 0.033
921 0.052
921 0.005
922 0.042
922 0.119
922 0.005
923 0.033
923 0.065
923 0.005
924 0.035
924 0.071
924 0.003
925 0.036
925 0.053
925 0.003
926 0.039
926 0.053
926 0.003
927 0.04
927 0.053
927 0.003
928 0.032
928 0.053
928 0.005
929 0.034
929 0.054
929 0.003
930 0.033
930 0.055
930 0.004
931 0.034
931 0.053
931 0.004
932 0.033
932 0.054
932 0.004
933 0.034
933 0.054
933 0.005
934 0.034
934 0.055
934 0.004
935 0.034
935 0.054
935 0.004
936 0.039
936 0.053
936 0.004
937 0.033
937 0.054
937 0.004
938 0.035
938 0.055
938 0.004
939 0.034
939 0.054
939 0.004
940 0.037
940 0.054
940 0.003
941 0.035
941 0.054
941 0.005
942 0.035
942 0.061
942 0.004
943 0.035
943 0.054
943 0.003
944 0.034
944 0.055
944 0.004
945 0.034
945 0.055
945 0.004
946 0.036
946 0.055
946 0.004
947 0.036
947 0.055
947 0.004
948 0.038
948 0.056
948 0.004
949 0.034
949 0.056
949 0.007
950 0.035
950 0.055
950 0.004
951 0.035
951 0.055
951 0.003
952 0.035
952 0.056
952 0.005
953 0.035
953 0.058
953 0.004
954 0.034
954 0.056
954 0.003
955 0.035
955 0.057
955 0.004
956 0.034
956 0.057
956 0.004
957 0.044
957 0.057
957 0.004
958 0.033
958 0.056
958 0.005
959 0.035
959 0.062
959 0.004
960 0.036
960 0.057
960 0.004
961 0.038
961 0.057
961 0.004
962 0.045
962 0.056
962 0.006
963 0.036
963 0.058
963 0.006
964 0.037
964 0.057
964 0.004
965 0.034
965 0.058
965 0.004
966 0.035
966 0.057
966 0.004
967 0.041
967 0.059
967 0.004
968 0.036
968 0.058
968 0.004
969 0.039
969 0.059
969 0.004
970 0.036
970 0.059
970 0.005
971 0.035
971 0.063
971 0.007
972 0.04
972 0.058
972 0.004
973 0.036
973 0.058
973 0.005
974 0.039
974 0.059
974 0.005
975 0.043
975 0.059
975 0.004
976 0.039
976 0.093
976 0.007
977 0.037
977 0.079
977 0.007
978 0.035
978 0.062
978 0.004
979 0.06
979 0.063
979 0.007
980 0.044
980 0.071
980 0.006
981 0.051
981 0.084
981 0.006
982 0.046
982 0.085
982 0.005
983 0.037
983 0.078
983 0.004
984 0.048
984 0.11
984 0.007
985 0.04
985 0.088
985 0.004
986 0.049
986 0.081
986 0.005
987 0.043
987 0.075
987 0.005
988 0.045
988 0.068
988 0.006
989 0.041
989 0.06
989 0.004
990 0.037
