100 0.001
100 0.002
100 0.001
200 0.002
200 0.001
200 0.002
300 0.002
300 0.003
300 0.001
0 0.001
0 0.001
0 0.001
0 0.002
1 0.002
1 0.002
1 0.002
2 0.001
2 0.001
2 0.002
3 0.001
3 0.014
3 0.007
4 0.003
4 0.004
4 0.002
5 0.001
5 0.002
5 0.003
6 0.001
6 0.002
6 0.001
7 0.001
7 0.001
7 0.001
8 0.001
8 0.001
8 0.002
9 0.004
9 0.001
9 0.001
10 0.001
10 0.002
10 0.001
11 0.001
11 0.002
11 0.002
12 0.002
12 0.001
12 0.001
13 0.001
13 0.001
13 0.001
1 0.001
1 0.001
1 0.001
2 0.002
2 0.001
2 0.001
3 0.001
3 0.001
3 0.003
4 0.001
4 0.001
4 0.004
5 0.001
5 0.002
5 0.001
6 0.001
6 0.002
6 0.001
7 0.002
7 0.001
7 0.001
8 0.002
8 0.001
8 0.002
9 0.001
9 0.002
9 0.001
10 0.001
10 0.001
10 0.002
11 0.002
11 0.001
11 0.001
12 0.001
12 0.001
12 0.001
13 0.001
13 0.001
13 0.001
14 0.002
14 0.001
14 0.002
15 0.001
15 0.001
15 0.001
16 0.001
16 0.002
16 0.002
17 0.001
17 0.001
17 0.001
18 0.001
18 0.001
18 0.002
19 0.004
19 0.003
19 0.001
20 0.004
20 0.003
20 0.002
21 0.001
21 0.001
21 0.001
22 0.001
22 0.002
22 0.001
23 0.001
23 0.004
23 0.002
24 0.002
24 0.001
24 0.002
25 0.003
25 0.001
25 0.001
26 0.001
26 0.002
26 0.002
27 0.001
27 0.001
27 0.002
28 0.001
28 0.003
28 0.001
29 0.001
29 0.001
29 0.001
30 0.001
30 0.002
30 0.001
31 0.001
31 0.002
31 0.001
32 0.003
32 0.003
32 0.002
33 0.004
33 0.004
33 0.002
34 0.002
34 0.001
34 0.001
35 0.001
35 0.001
35 0.001
36 0.001
36 0.002
36 0.001
37 0.001
37 0.003
37 0.001
38 0.001
38 0.001
38 0.003
1 0.002
1 0.002
1 0.003
2 0.002
2 0.001
2 0.001
3 0.001
3 0.001
3 0.001
4 0.005
4 0.002
4 0.001
5 0.007
5 0.001
5 0.002
6 0.001
6 0.002
6 0.002
7 0.002
7 0.002
7 0.001
8 0.002
8 0.001
8 0.001
9 0.002
9 0.001
9 0.001
10 0.001
10 0.001
10 0.002
11 0.002
11 0.004
11 0.002
12 0.001
12 0.001
12 0.002
13 0.001
13 0.003
13 0.003
14 0.001
14 0.001
14 0.001
15 0.001
15 0.002
15 0.001
16 0.001
16 0.001
16 0.001
17 0.002
17 0.001
17 0.001
18 0.001
18 0.002
18 0.003
19 0.003
19 0.001
19 0.001
20 0.001
20 0.001
20 0.002
21 0.002
21 0.001
21 0.001
22 0.001
22 0.002
22 0.001
23 0.001
23 0.002
23 0.001
24 0.004
24 0.001
24 0.001
25 0.003
25 0.003
25 0.001
26 0.001
26 0.001
26 0.001
27 0.002
27 0.001
27 0.003
28 0.002
28 0.001
28 0.001
29 0.002
29 0.002
29 0.003
30 0.002
30 0.002
30 0.002
31 0.001
31 0.001
31 0.001
32 0.004
32 0.002
32 0.001
33 0.001
33 0.001
33 0.002
34 0.001
34 0.001
34 0.002
35 0.001
35 0.001
35 0
36 0.002
36 0.001
36 0.002
37 0.002
37 0.002
37 0.001
38 0.001
38 0.001
38 0.001
39 0.001
39 0.001
39 0.003
40 0.001
40 0.001
40 0.002
41 0.002
41 0.001
41 0.002
42 0.001
42 0.002
42 0.003
43 0.001
43 0.003
43 0.003
44 0.001
44 0.004
44 0.002
45 0.002
45 0.001
45 0.001
46 0.002
46 0.001
46 0.002
47 0.002
47 0.002
47 0.001
48 0.001
48 0.001
48 0.001
49 0.001
49 0.001
49 0.001
50 0.001
50 0.001
50 0.002
51 0.002
51 0.002
51 0.001
52 0.001
52 0.002
52 0.001
53 0.001
53 0.001
53 0.002
54 0.001
54 0.002
54 0.001
55 0.002
55 0.001
55 0.001
56 0.003
56 0.002
56 0.001
57 0.002
57 0.002
57 0.002
58 0.001
58 0.002
58 0.001
59 0.001
59 0.001
59 0.001
60 0.002
60 0.001
60 0.001
61 0.001
61 0.002
61 0.002
62 0.002
62 0.002
62 0.001
63 0.002
63 0.001
63 0.001
64 0.001
64 0.002
64 0.001
65 0.001
65 0.002
65 0.001
66 0.001
66 0.001
66 0.001
67 0.001
67 0.001
67 0.001
68 0.004
68 0.001
68 0.002
69 0.001
69 0.002
69 0.001
70 0.002
70 0.002
70 0.002
71 0.001
71 0.002
71 0.001
72 0.001
72 0.001
72 0.001
73 0.002
73 0.001
73 0.002
74 0.001
74 0.001
74 0.003
75 0.001
75 0.002
75 0.002
76 0.003
76 0.002
76 0.001
77 0.001
77 0.001
77 0.002
78 0.003
78 0.002
78 0.001
79 0.001
79 0.002
79 0.001
80 0.003
80 0.002
80 0.002
81 0.001
81 0.003
81 0.001
82 0.001
82 0.001
82 0.001
83 0.001
83 0.001
83 0.001
84 0.001
84 0.001
84 0.001
85 0.002
85 0.002
85 0.001
86 0.001
86 0.001
86 0.002
87 0.001
87 0.001
87 0.003
88 0.001
88 0.001
88 0.001
89 0.002
89 0.003
89 0.001
90 0.002
90 0.001
90 0.002
91 0.001
91 0.001
91 0.002
92 0.002
92 0.003
92 0.002
93 0.002
93 0.001
93 0.001
94 0.003
94 0.002
94 0.001
95 0.003
95 0.001
95 0.001
96 0.001
96 0.003
96 0.001
97 0.002
97 0.002
97 0.002
98 0.001
98 0.001
98 0.001
99 0.004
99 0.001
99 0.001
100 0.003
100 0.001
100 0.001
101 0.001
101 0.002
101 0.001
102 0.001
102 0.002
102 0.001
103 0.001
103 0.002
103 0.001
104 0.002
104 0.002
104 0.002
105 0.002
105 0.001
105 0.002
106 0.003
106 0.001
106 0.001
107 0.001
107 0.001
107 0.002
108 0.001
108 0.001
108 0.001
109 0.001
109 0.002
109 0.003
110 0.003
110 0.001
110 0.001
111 0.001
111 0.002
111 0.001
112 0.004
112 0.003
112 0.001
113 0.001
113 0.003
113 0.002
114 0.002
114 0.001
114 0.001
115 0.001
115 0.001
115 0.003
116 0.001
116 0.002
116 0.001
117 0.002
117 0.001
117 0.001
118 0.002
118 0.001
118 0.001
119 0.001
119 0.002
119 0.001
120 0.001
120 0.001
120 0.001
121 0.001
121 0.002
121 0.001
122 0.001
122 0.002
122 0.002
123 0.001
123 0.001
123 0.001
124 0.001
124 0.001
124 0.002
125 0.002
125 0.002
125 0.001
126 0.002
126 0.002
126 0.001
127 0.002
127 0.002
127 0.003
128 0.003
128 0.001
128 0.003
129 0.002
129 0.002
129 0.002
130 0.002
130 0.002
130 0.001
131 0.003
131 0.001
131 0.001
132 0.002
132 0.002
132 0.001
133 0.001
133 0.002
133 0.003
134 0.001
134 0.001
134 0.001
135 0.002
135 0.002
135 0.001
136 0.002
136 0.002
136 0.002
137 0.004
137 0.001
137 0.001
138 0.002
138 0.002
138 0.001
139 0.001
139 0.001
139 0.001
140 0.002
140 0.002
140 0.001
141 0.002
141 0.001
141 0.001
142 0.001
142 0.002
142 0.003
143 0.001
143 0.001
143 0.002
144 0.001
144 0.003
144 0.001
145 0.003
145 0.003
145 0.001
146 0.001
146 0.002
146 0.001
147 0.002
147 0.002
147 0.001
148 0.001
148 0.002
148 0.002
149 0.002
149 0.002
149 0.001
150 0.001
150 0.001
150 0.002
151 0.001
151 0.002
151 0.002
152 0.001
152 0.002
152 0.003
153 0.002
153 0.001
153 0.002
154 0.004
154 0.001
154 0.001
155 0.002
155 0.001
155 0.002
156 0.001
156 0.002
156 0.001
157 0.001
157 0.002
157 0.001
158 0.002
158 0.001
158 0.001
159 0.001
159 0.002
159 0.001
160 0.001
160 0.001
160 0.001
161 0.001
161 0.001
161 0.001
162 0.001
162 0.001
162 0.001
163 0.003
163 0.002
163 0.002
164 0.002
164 0.002
164 0.002
165 0.002
165 0.001
165 0.001
166 0.001
166 0.002
166 0.002
167 0.001
167 0.002
167 0.002
168 0.002
168 0.002
168 0.001
169 0.001
169 0.002
169 0.001
170 0.002
170 0.003
170 0.001
171 0.002
171 0.001
171 0.001
172 0.001
172 0.002
172 0.001
173 0.001
173 0.001
173 0.001
174 0.002
174 0.003
174 0.002
175 0.001
175 0.002
175 0.002
176 0.002
176 0.003
176 0.001
177 0.001
177 0.003
177 0.001
178 0.002
178 0.001
178 0.002
179 0.002
179 0.002
179 0.001
180 0.004
180 0.002
180 0.001
181 0.001
181 0.001
181 0.001
182 0.001
182 0.002
182 0.003
183 0.001
183 0.002
183 0.001
184 0.002
184 0.002
184 0.003
185 0.001
185 0.002
185 0.001
186 0.001
186 0.001
186 0.001
187 0.001
187 0.002
187 0.001
188 0.001
188 0.001
188 0.001
189 0.002
189 0.003
189 0.001
190 0.002
190 0.002
190 0.001
191 0.002
191 0.002
191 0.001
192 0.001
192 0.002
192 0.003
193 0.002
193 0.002
193 0.002
194 0.002
194 0.002
194 0.001
195 0.001
195 0.002
195 0.001
196 0.001
196 0.003
196 0.001
197 0.001
197 0.002
197 0.001
198 0.001
198 0.002
198 0.002
199 0.001
199 0.002
199 0.001
200 0.001
200 0.002
200 0.002
201 0.002
201 0.002
201 0.003
202 0.002
202 0.002
202 0.001
203 0.001
203 0.002
203 0.001
204 0.002
204 0.002
204 0.001
205 0.002
205 0.002
205 0.001
206 0.001
206 0.002
206 0.002
207 0.002
207 0.001
207 0.001
208 0.001
208 0.002
208 0.001
209 0.002
209 0.002
209 0.001
210 0.002
210 0.002
210 0.001
211 0.002
211 0.002
211 0.001
212 0.001
212 0.001
212 0.003
213 0.001
213 0.002
213 0.002
214 0.001
214 0.002
214 0.003
215 0.002
215 0.002
215 0.001
216 0.002
216 0.002
216 0.001
217 0.003
217 0.002
217 0.003
218 0.002
218 0.002
218 0.001
219 0.001
219 0.001
219 0.001
220 0.004
220 0.002
220 0.001
221 0.001
221 0.002
221 0.001
222 0.002
222 0.002
222 0.002
223 0.001
223 0.002
223 0.002
224 0.002
224 0.002
224 0.001
225 0.001
225 0.001
225 0.001
226 0.003
226 0.003
226 0.002
227 0.002
227 0.002
227 0.001
228 0.001
228 0.002
228 0.001
229 0.001
229 0.002
229 0.002
230 0.002
230 0.002
230 0.001
231 0.001
231 0.002
231 0.003
232 0.002
232 0.002
232 0.001
233 0.001
233 0.002
233 0.001
234 0.002
234 0.002
234 0.001
235 0.001
235 0.002
235 0.001
236 0.001
236 0.002
236 0.001
237 0.002
237 0.002
237 0.002
238 0.002
238 0.002
238 0.003
239 0.002
239 0.002
239 0.001
240 0.001
240 0.002
240 0.001
241 0.002
241 0.002
241 0.001
242 0.002
242 0.002
242 0.002
243 0.002
243 0.002
243 0.001
244 0.002
244 0.002
244 0.001
245 0.004
245 0.002
245 0.001
246 0.001
246 0.002
246 0.001
247 0.002
247 0.002
247 0.003
248 0.003
248 0.001
248 0.002
249 0.001
249 0.002
249 0.002
250 0.002
250 0.002
250 0.001
251 0.002
251 0.002
251 0.001
252 0.002
252 0.002
252 0.001
253 0.001
253 0.001
253 0.001
254 0.002
254 0.003
254 0.002
255 0.001
255 0.001
255 0.001
256 0.002
256 0.002
256 0.001
257 0.001
257 0.004
257 0.002
258 0.001
258 0.002
258 0.001
259 0.002
259 0.002
259 0.001
260 0.002
260 0.002
260 0.001
261 0.002
261 0.002
261 0.002
262 0.002
262 0.003
262 0.001
263 0.002
263 0.003
263 0.001
264 0.002
264 0.002
264 0.002
265 0.002
265 0.002
265 0.002
266 0.002
266 0.002
266 0.002
267 0.002
267 0.002
267 0.001
268 0.002
268 0.003
268 0.002
269 0.002
269 0.003
269 0.001
270 0.002
270 0.003
270 0.002
271 0.002
271 0.002
271 0.001
280 0.002
280 0.002
280 0.002
281 0.003
281 0.003
281 0.001
282 0.002
282 0.002
282 0.002
280 0.002
280 0.002
280 0.001
281 0.004
281 0.002
281 0.001
282 0.002
282 0.002
282 0.002
283 0.002
283 0.002
283 0.002
284 0.002
284 0.002
284 0.001
285 0.002
285 0.002
285 0.002
286 0.002
286 0.003
286 0.002
287 0.002
287 0.003
287 0.001
288 0.004
288 0.002
288 0.002
289 0.001
289 0.002
289 0.002
290 0.002
290 0.003
290 0.001
291 0.002
291 0.002
291 0.001
292 0.002
292 0.002
292 0.001
293 0.002
293 0.002
293 0.001
294 0.002
294 0.003
294 0.001
295 0.002
295 0.002
295 0.002
296 0.003
296 0.002
296 0.003
297 0.002
297 0.002
297 0.002
298 0.002
298 0.003
298 0.005
299 0.002
299 0.003
299 0.002
300 0.002
300 0.004
300 0.001
301 0.002
301 0.003
301 0.002
302 0.003
302 0.002
302 0.002
303 0.007
303 0.002
303 0.001
304 0.002
304 0.003
304 0.002
305 0.002
305 0.002
305 0.001
306 0.002
306 0.002
306 0.002
307 0.002
307 0.002
307 0.001
308 0.002
308 0.003
308 0.001
309 0.002
309 0.003
309 0.002
310 0.003
310 0.003
310 0.002
311 0.002
311 0.003
311 0.004
312 0.002
312 0.002
312 0.001
313 0.002
313 0.003
313 0.001
314 0.002
314 0.002
314 0.002
315 0.001
315 0.002
315 0.001
316 0.003
316 0.002
316 0.001
317 0.003
317 0.002
317 0.001
318 0.001
318 0.002
318 0.002
319 0.002
319 0.002
319 0.001
320 0.002
320 0.002
320 0.001
321 0.003
321 0.003
321 0.002
322 0.002
322 0.003
322 0.001
323 0.002
323 0.002
323 0.001
324 0.002
324 0.002
324 0.002
325 0.003
325 0.002
325 0.001
326 0.002
326 0.002
326 0.002
327 0.002
327 0.003
327 0.001
328 0.002
328 0.002
328 0.002
329 0.003
329 0.002
329 0.001
330 0.001
330 0.002
330 0.001
331 0.003
331 0.002
331 0.001
332 0.002
332 0.002
332 0.001
333 0.003
333 0.003
333 0.001
334 0.002
334 0.003
334 0.002
335 0.002
335 0.002
335 0.001
336 0.002
336 0.003
336 0.002
337 0.002
337 0.002
337 0.001
338 0.002
338 0.003
338 0.001
339 0.002
339 0.003
339 0.001
340 0.003
340 0.002
340 0.001
341 0.002
341 0.003
341 0.001
342 0.002
342 0.003
342 0.002
343 0.002
343 0.003
343 0.001
344 0.002
344 0.003
344 0.003
345 0.001
345 0.003
345 0.001
346 0.002
346 0.002
346 0.003
347 0.002
347 0.004
347 0.002
348 0.002
348 0.002
348 0.002
349 0.002
349 0.002
349 0.002
350 0.003
350 0.003
350 0.001
351 0.002
351 0.003
351 0.001
352 0.002
352 0.002
352 0.001
353 0.002
353 0.002
353 0.001
354 0.002
354 0.003
354 0.001
355 0.002
355 0.003
355 0.001
356 0.001
356 0.004
356 0.002
357 0.003
357 0.003
357 0.001
358 0.002
358 0.003
358 0.001
359 0.002
359 0.003
359 0.002
360 0.002
360 0.004
360 0.001
361 0.003
361 0.002
361 0.001
362 0.002
362 0.002
362 0.002
363 0.002
363 0.002
363 0.001
364 0.003
364 0.003
364 0.001
365 0.002
365 0.003
365 0.002
366 0.003
366 0.003
366 0.001
367 0.002
367 0.003
367 0.001
368 0.002
368 0.003
368 0.002
369 0.003
369 0.003
369 0.001
370 0.002
370 0.002
370 0.001
371 0.003
371 0.003
371 0.002
372 0.003
372 0.003
372 0.001
373 0.003
373 0.003
373 0.001
374 0.003
374 0.003
374 0.003
375 0.003
375 0.004
375 0.003
376 0.003
376 0.003
376 0.001
377 0.002
377 0.003
377 0.001
378 0.003
378 0.005
378 0.002
379 0.002
379 0.003
379 0.003
380 0.002
380 0.003
380 0.001
381 0.003
381 0.003
381 0.001
382 0.002
382 0.003
382 0.003
383 0.003
383 0.003
383 0.002
384 0.002
384 0.003
384 0.002
385 0.002
385 0.005
385 0.001
386 0.003
386 0.003
386 0.001
387 0.003
387 0.003
387 0.002
388 0.003
388 0.004
388 0.001
389 0.003
389 0.005
389 0.001
390 0.002
390 0.002
390 0.001
391 0.004
391 0.004
391 0.001
392 0.002
392 0.004
392 0.002
393 0.003
393 0.003
393 0.001
394 0.002
394 0.003
394 0.001
395 0.002
395 0.003
395 0.001
396 0.003
396 0.003
396 0.001
397 0.003
397 0.003
397 0.001
398 0.002
398 0.004
398 0.002
399 0.003
399 0.003
399 0.002
400 0.003
400 0.004
400 0.002
401 0.003
401 0.003
401 0.001
402 0.002
402 0.003
402 0.001
403 0.003
403 0.005
403 0.001
404 0.002
404 0.004
404 0.002
405 0.002
405 0.003
405 0.003
406 0.002
406 0.003
406 0.001
407 0.004
407 0.003
407 0.001
408 0.003
408 0.003
408 0.002
409 0.002
409 0.004
409 0.002
410 0.004
410 0.003
410 0.002
411 0.002
411 0.004
411 0.002
412 0.003
412 0.004
412 0.001
413 0.003
413 0.004
413 0.002
414 0.002
414 0.003
414 0.004
415 0.003
415 0.003
415 0.001
416 0.002
416 0.003
416 0.001
417 0.003
417 0.004
417 0.001
418 0.003
418 0.003
418 0.001
419 0.004
419 0.004
419 0.002
420 0.003
420 0.004
420 0.002
421 0.003
421 0.003
421 0.001
422 0.002
422 0.004
422 0.001
423 0.003
423 0.004
423 0.001
424 0.003
424 0.003
424 0.001
425 0.002
425 0.004
425 0.003
426 0.003
426 0.004
426 0.003
427 0.003
427 0.005
427 0.001
428 0.002
428 0.003
428 0.001
429 0.002
429 0.004
429 0.001
430 0.002
430 0.003
430 0.002
431 0.002
431 0.006
431 0.003
432 0.003
432 0.004
432 0.001
433 0.003
433 0.005
433 0.002
434 0.003
434 0.004
434 0.001
435 0.002
435 0.005
435 0.001
436 0.003
436 0.003
436 0.002
437 0.003
437 0.003
437 0.001
438 0.003
438 0.005
438 0.001
439 0.002
439 0.004
439 0.001
440 0.003
440 0.004
440 0.002
441 0.004
441 0.005
441 0.004
442 0.003
442 0.004
442 0.002
443 0.003
443 0.004
443 0.001
444 0.004
444 0.004
444 0.001
445 0.002
445 0.004
445 0.001
446 0.003
446 0.011
446 0.002
447 0.004
447 0.003
447 0.002
448 0.003
448 0.004
448 0.002
449 0.003
449 0.006
449 0.001
450 0.003
450 0.004
450 0.001
451 0.002
451 0.005
451 0.001
452 0.002
452 0.007
452 0.002
453 0.003
453 0.005
453 0.001
454 0.003
454 0.006
454 0.002
455 0.004
455 0.005
455 0.001
456 0.003
456 0.004
456 0.002
457 0.003
457 0.005
457 0.001
458 0.004
458 0.003
458 0.001
459 0.003
459 0.006
459 0.002
460 0.002
460 0.004
460 0.002
461 0.004
461 0.004
461 0.001
462 0.003
462 0.003
462 0.004
463 0.003
463 0.005
463 0.001
464 0.003
464 0.004
464 0.002
465 0.003
465 0.004
465 0.002
466 0.002
466 0.004
466 0.002
467 0.003
467 0.004
467 0.002
468 0.003
468 0.004
468 0.001
469 0.003
469 0.004
469 0.002
470 0.003
470 0.004
470 0.001
471 0.003
471 0.004
471 0.002
472 0.003
472 0.004
472 0.001
473 0.003
473 0.004
473 0.002
474 0.003
474 0.004
474 0.001
475 0.003
475 0.005
475 0.003
476 0.003
476 0.004
476 0.002
477 0.004
477 0.004
477 0.003
478 0.003
478 0.004
478 0.003
479 0.003
479 0.004
479 0.002
480 0.004
480 0.004
480 0.001
481 0.002
481 0.004
481 0.002
482 0.003
482 0.004
482 0.001
483 0.003
483 0.004
483 0.002
484 0.003
484 0.004
484 0.002
485 0.004
485 0.004
485 0.002
486 0.003
486 0.004
486 0.002
487 0.003
487 0.004
487 0.002
488 0.003
488 0.004
488 0.002
489 0.004
489 0.004
489 0.003
490 0.002
490 0.004
490 0.001
491 0.003
491 0.004
491 0.002
492 0.004
492 0.004
492 0.001
493 0.004
493 0.005
493 0.002
494 0.003
494 0.003
494 0.002
495 0.003
495 0.004
495 0.002
496 0.003
496 0.005
496 0.002
497 0.004
497 0.01
497 0.003
498 0.004
498 0.004
498 0.001
499 0.003
499 0.005
499 0.001
500 0.003
500 0.005
500 0.002
501 0.003
501 0.005
501 0.002
502 0.004
502 0.004
502 0.001
503 0.003
503 0.004
503 0.002
504 0.003
504 0.006
504 0.001
505 0.004
505 0.004
505 0.002
506 0.003
506 0.004
506 0.002
507 0.005
507 0.005
507 0.002
508 0.003
508 0.004
508 0.002
509 0.004
509 0.004
509 0.002
510 0.005
510 0.004
510 0.002
511 0.003
511 0.005
511 0.001
512 0.003
512 0.004
512 0.002
513 0.004
513 0.004
513 0.002
514 0.002
514 0.004
514 0.002
515 0.004
515 0.005
515 0.002
516 0.004
516 0.004
516 0.002
517 0.004
517 0.005
517 0.001
518 0.003
518 0.006
518 0.003
519 0.004
519 0.005
519 0.002
520 0.004
520 0.005
520 0.002
521 0.003
521 0.005
521 0.002
522 0.004
522 0.005
522 0.001
523 0.003
523 0.006
523 0.001
524 0.003
524 0.004
524 0.002
525 0.004
525 0.005
525 0.001
526 0.003
526 0.005
526 0.002
527 0.004
527 0.005
527 0.002
528 0.003
528 0.005
528 0.002
529 0.004
529 0.006
529 0.001
530 0.003
530 0.005
530 0.002
531 0.003
531 0.004
531 0.001
532 0.003
532 0.006
532 0.002
533 0.003
533 0.004
533 0.001
534 0.004
534 0.005
534 0.002
535 0.003
535 0.005
535 0.001
536 0.003
536 0.005
536 0.002
537 0.003
537 0.005
537 0.002
538 0.003
538 0.005
538 0.002
539 0.005
539 0.006
539 0.002
540 0.005
540 0.005
540 0.001
541 0.003
541 0.004
541 0.003
542 0.003
542 0.006
542 0.002
543 0.003
543 0.006
543 0.001
544 0.003
544 0.005
544 0.002
545 0.004
545 0.004
545 0.002
546 0.004
546 0.005
546 0.002
547 0.003
547 0.005
547 0.002
548 0.003
548 0.005
548 0.002
549 0.004
549 0.005
549 0.002
550 0.004
550 0.005
550 0.001
551 0.005
551 0.005
551 0.001
552 0.004
552 0.005
552 0.002
553 0.003
553 0.004
553 0.002
554 0.003
554 0.004
554 0.001
555 0.003
555 0.005
555 0.001
556 0.004
556 0.005
556 0.002
557 0.004
557 0.006
557 0.001
558 0.004
558 0.006
558 0.002
559 0.003
559 0.005
559 0.002
560 0.003
560 0.005
560 0.001
561 0.004
561 0.005
561 0.002
562 0.003
562 0.005
562 0.002
563 0.003
563 0.006
563 0.002
564 0.004
564 0.005
564 0.002
565 0.003
565 0.005
565 0.002
566 0.004
566 0.005
566 0.002
567 0.004
567 0.005
567 0.001
568 0.005
568 0.007
568 0.001
569 0.004
569 0.006
569 0.002
570 0.004
570 0.005
570 0.002
571 0.003
571 0.005
571 0.001
572 0.003
572 0.008
572 0.001
573 0.004
573 0.005
573 0.002
574 0.003
574 0.005
574 0.001
575 0.004
575 0.005
575 0.001
576 0.003
576 0.007
576 0.002
577 0.003
577 0.005
577 0.001
578 0.004
578 0.006
578 0.001
579 0.004
579 0.005
579 0.001
580 0.003
580 0.006
580 0.001
581 0.004
581 0.006
581 0.002
582 0.006
582 0.006
582 0.001
583 0.004
583 0.005
583 0.002
584 0.004
584 0.006
584 0.001
585 0.004
585 0.006
585 0.001
586 0.005
586 0.005
586 0.001
587 0.003
587 0.006
587 0.001
588 0.004
588 0.005
588 0.001
589 0.004
589 0.006
589 0.002
590 0.003
590 0.005
590 0.002
591 0.004
591 0.006
591 0.001
592 0.003
592 0.005
592 0.003
593 0.004
593 0.006
593 0.001
594 0.003
594 0.006
594 0.001
595 0.005
595 0.005
595 0.002
596 0.003
596 0.008
596 0.002
597 0.004
597 0.006
597 0.002
598 0.005
598 0.006
598 0.001
599 0.004
599 0.006
599 0.002
600 0.004
600 0.006
600 0.001
601 0.003
601 0.006
601 0.003
602 0.006
602 0.006
602 0.001
603 0.004
603 0.005
603 0.003
604 0.005
604 0.006
604 0.002
605 0.004
605 0.007
605 0.002
606 0.004
606 0.006
606 0.001
607 0.004
607 0.006
607 0.002
608 0.004
608 0.006
608 0.002
609 0.004
609 0.005
609 0.002
610 0.003
610 0.007
610 0.003
611 0.004
611 0.006
611 0.002
612 0.004
612 0.007
612 0.002
613 0.004
613 0.006
613 0.001
614 0.004
614 0.006
614 0.002
615 0.004
615 0.005
615 0.002
616 0.004
616 0.006
616 0.002
617 0.004
617 0.006
617 0.002
618 0.004
618 0.007
618 0.002
619 0.004
619 0.006
619 0.001
620 0.004
620 0.006
620 0.002
621 0.004
621 0.006
621 0.002
622 0.004
622 0.006
622 0.001
623 0.003
623 0.007
623 0.002
624 0.004
624 0.006
624 0.002
625 0.004
625 0.005
625 0.001
626 0.005
626 0.006
626 0.002
627 0.004
627 0.006
627 0.002
628 0.004
628 0.006
628 0.002
629 0.005
629 0.006
629 0.002
630 0.004
630 0.006
630 0.002
631 0.004
631 0.009
631 0.002
632 0.004
632 0.006
632 0.001
633 0.005
633 0.006
633 0.004
634 0.005
634 0.006
634 0.002
635 0.004
635 0.005
635 0.002
636 0.004
636 0.006
636 0.002
637 0.004
637 0.006
637 0.002
638 0.003
638 0.007
638 0.002
639 0.004
639 0.007
639 0.002
640 0.003
640 0.006
640 0.001
641 0.005
641 0.007
641 0.001
642 0.004
642 0.007
642 0.001
643 0.004
643 0.007
643 0.001
644 0.006
644 0.006
644 0.001
645 0.005
645 0.006
645 0.002
646 0.004
646 0.006
646 0.002
647 0.006
647 0.006
647 0.002
648 0.004
648 0.007
648 0.002
649 0.005
649 0.007
649 0.002
650 0.005
650 0.007
650 0.001
651 0.004
651 0.007
651 0.002
652 0.004
652 0.007
652 0.002
653 0.004
653 0.007
653 0.002
654 0.006
654 0.006
654 0.002
655 0.004
655 0.006
655 0.001
656 0.005
656 0.006
656 0.002
657 0.004
657 0.006
657 0.003
658 0.005
658 0.006
658 0.002
659 0.004
659 0.006
659 0.001
660 0.005
660 0.007
660 0.002
661 0.006
661 0.006
661 0.002
662 0.004
662 0.007
662 0.002
663 0.007
663 0.007
663 0.004
664 0.004
664 0.006
664 0.002
665 0.005
665 0.007
665 0.002
666 0.005
666 0.006
666 0.001
667 0.004
667 0.007
667 0.003
668 0.004
668 0.007
668 0.002
669 0.004
669 0.007
669 0.002
670 0.004
670 0.007
670 0.002
671 0.004
671 0.007
671 0.002
672 0.004
672 0.007
672 0.002
673 0.004
673 0.007
673 0.002
674 0.005
674 0.007
674 0.002
675 0.005
675 0.007
675 0.002
676 0.004
676 0.007
676 0.003
677 0.005
677 0.007
677 0.001
678 0.005
678 0.007
678 0.002
679 0.004
679 0.007
679 0.002
680 0.004
680 0.007
680 0.002
681 0.004
681 0.006
681 0.001
682 0.005
682 0.008
682 0.002
683 0.005
683 0.008
683 0.003
684 0.004
684 0.007
684 0.001
685 0.005
685 0.007
685 0.002
686 0.005
686 0.007
686 0.003
687 0.004
687 0.007
687 0.002
688 0.005
688 0.006
688 0.002
689 0.005
689 0.007
689 0.002
690 0.005
690 0.007
690 0.002
691 0.005
691 0.01
691 0.002
692 0.005
692 0.007
692 0.002
693 0.004
693 0.008
693 0.002
694 0.005
694 0.01
694 0.002
695 0.006
695 0.007
695 0.002
696 0.004
696 0.007
696 0.005
697 0.005
697 0.008
697 0.002
698 0.004
698 0.007
698 0.001
699 0.004
699 0.007
699 0.002
700 0.005
700 0.007
700 0.002
701 0.005
701 0.008
701 0.002
702 0.005
702 0.008
702 0.002
703 0.006
703 0.007
703 0.002
704 0.004
704 0.008
704 0.002
705 0.005
705 0.008
705 0.003
706 0.005
706 0.007
706 0.002
707 0.005
707 0.007
707 0.003
708 0.005
708 0.007
708 0.003
709 0.005
709 0.007
709 0.001
710 0.005
710 0.008
710 0.004
711 0.006
711 0.007
711 0.002
712 0.004
712 0.007
712 0.002
713 0.005
713 0.008
713 0.001
714 0.005
714 0.007
714 0.002
715 0.005
715 0.008
715 0.003
716 0.004
716 0.008
716 0.001
717 0.005
717 0.007
717 0.002
718 0.004
718 0.008
718 0.002
719 0.005
719 0.008
719 0.003
720 0.004
720 0.008
720 0.002
721 0.007
721 0.007
721 0.002
722 0.005
722 0.007
722 0.001
723 0.005
723 0.008
723 0.002
724 0.006
724 0.008
724 0.001
725 0.005
725 0.007
725 0.002
726 0.005
726 0.008
726 0.002
727 0.005
727 0.007
727 0.002
728 0.005
728 0.008
728 0.002
729 0.005
729 0.008
729 0.002
730 0.006
730 0.008
730 0.001
731 0.005
731 0.008
731 0.002
732 0.006
732 0.009
732 0.002
733 0.005
733 0.007
733 0.002
734 0.007
734 0.008
734 0.004
735 0.007
735 0.008
735 0.001
736 0.004
736 0.008
736 0.002
737 0.005
737 0.008
737 0.002
738 0.007
738 0.007
738 0.002
739 0.005
739 0.01
739 0.002
740 0.005
740 0.008
740 0.001
741 0.007
741 0.009
741 0.003
742 0.005
742 0.008
742 0.002
743 0.005
743 0.008
743 0.002
744 0.006
744 0.008
744 0.002
745 0.005
745 0.008
745 0.002
746 0.005
746 0.008
746 0.001
747 0.005
747 0.008
747 0.001
748 0.006
748 0.008
748 0.002
749 0.006
749 0.008
749 0.003
750 0.005
750 0.011
750 0.002
751 0.005
751 0.008
751 0.002
752 0.005
752 0.008
752 0.002
753 0.005
753 0.008
753 0.002
754 0.007
754 0.008
754 0.003
755 0.005
755 0.008
755 0.002
756 0.005
756 0.008
756 0.002
757 0.005
757 0.009
757 0.002
758 0.005
758 0.009
758 0.002
759 0.006
759 0.008
759 0.002
760 0.005
760 0.008
760 0.002
761 0.005
761 0.008
761 0.002
762 0.005
762 0.009
762 0.003
763 0.006
763 0.008
763 0.002
764 0.006
764 0.008
764 0.002
765 0.006
765 0.008
765 0.002
766 0.005
766 0.009
766 0.001
767 0.005
767 0.009
767 0.003
768 0.005
768 0.008
768 0.002
769 0.005
769 0.009
769 0.004
770 0.005
770 0.009
770 0.001
771 0.005
771 0.009
771 0.002
772 0.005
772 0.008
772 0.002
773 0.005
773 0.009
773 0.002
774 0.006
774 0.009
774 0.003
775 0.005
775 0.008
775 0.003
776 0.006
776 0.009
776 0.002
777 0.005
777 0.009
777 0.002
778 0.005
778 0.009
778 0.002
779 0.006
779 0.009
779 0.002
780 0.006
780 0.009
780 0.002
781 0.005
781 0.009
781 0.003
782 0.006
782 0.01
782 0.002
783 0.006
783 0.009
783 0.002
784 0.006
784 0.009
784 0.001
785 0.006
785 0.009
785 0.002
786 0.005
786 0.009
786 0.002
787 0.005
787 0.008
787 0.002
788 0.005
788 0.008
788 0.002
789 0.005
789 0.009
789 0.001
790 0.006
790 0.01
790 0.002
791 0.005
791 0.009
791 0.002
792 0.006
792 0.01
792 0.001
793 0.006
793 0.009
793 0.002
794 0.006
794 0.014
794 0.003
795 0.005
795 0.009
795 0.001
796 0.006
796 0.009
796 0.001
797 0.006
797 0.01
797 0.002
798 0.006
798 0.009
798 0.003
799 0.005
799 0.009
799 0.004
800 0.006
800 0.01
800 0.002
801 0.005
801 0.009
801 0.001
802 0.006
802 0.01
802 0.001
803 0.005
803 0.01
803 0.002
804 0.006
804 0.01
804 0.004
805 0.006
805 0.01
805 0.002
806 0.006
806 0.01
806 0.002
807 0.005
807 0.009
807 0.002
808 0.007
808 0.009
808 0.003
809 0.006
809 0.009
809 0.001
810 0.006
810 0.009
810 0.002
811 0.006
811 0.009
811 0.002
812 0.006
812 0.01
812 0.002
813 0.005
813 0.01
813 0.003
814 0.006
814 0.01
814 0.002
815 0.006
815 0.009
815 0.002
816 0.007
816 0.01
816 0.002
817 0.005
817 0.01
817 0.002
818 0.005
818 0.011
818 0.002
819 0.006
819 0.01
819 0.002
820 0.005
820 0.01
820 0.002
821 0.005
821 0.01
821 0.002
822 0.006
822 0.01
822 0.001
823 0.005
823 0.009
823 0.001
824 0.006
824 0.01
824 0.002
825 0.006
825 0.01
825 0.002
826 0.006
826 0.009
826 0.002
827 0.006
827 0.009
827 0.002
828 0.006
828 0.009
828 0.002
829 0.006
829 0.009
829 0.001
830 0.006
830 0.012
830 0.002
831 0.006
831 0.01
831 0.002
832 0.006
832 0.01
832 0.002
833 0.006
833 0.01
833 0.002
834 0.006
834 0.019
834 0.004
835 0.009
835 0.01
835 0.004
836 0.009
836 0.017
836 0.001
837 0.008
837 0.011
837 0.002
838 0.008
838 0.016
838 0.014
839 0.007
839 0.011
839 0.002
840 0.007
840 0.015
840 0.002
841 0.006
841 0.012
841 0.002
842 0.015
842 0.012
842 0.002
843 0.009
843 0.013
843 0.003
844 0.009
844 0.015
844 0.002
845 0.006
845 0.016
845 0.002
846 0.007
846 0.015
846 0.004
847 0.052
847 0.018
847 0.006
848 0.009
848 0.014
848 0.002
849 0.011
849 0.018
849 0.002
850 0.007
850 0.015
850 0.003
851 0.008
851 0.01
851 0.004
852 0.007
852 0.017
852 0.002
853 0.009
853 0.01
853 0.002
854 0.008
854 0.014
854 0.003
855 0.006
855 0.011
855 0.003
856 0.006
856 0.011
856 0.003
857 0.008
857 0.011
857 0.001
858 0.006
858 0.012
858 0.003
859 0.007
859 0.011
859 0.002
860 0.007
860 0.012
860 0.002
861 0.008
861 0.01
861 0.003
862 0.007
862 0.011
862 0.003
863 0.007
863 0.014
863 0.002
864 0.006
864 0.011
864 0.003
865 0.006
865 0.011
865 0.002
866 0.007
866 0.011
866 0.002
867 0.008
867 0.011
867 0.002
868 0.006
868 0.016
868 0.001
869 0.007
869 0.011
869 0.007
870 0.007
870 0.011
870 0.002
871 0.007
871 0.01
871 0.002
872 0.006
872 0.011
872 0.002
873 0.006
873 0.011
873 0.002
874 0.008
874 0.012
874 0.002
875 0.008
875 0.011
875 0.002
876 0.01
876 0.011
876 0.004
877 0.008
877 0.011
877 0.003
878 0.006
878 0.013
878 0.002
879 0.007
879 0.011
879 0.003
880 0.008
880 0.01
880 0.003
881 0.006
881 0.011
881 0.002
882 0.007
882 0.013
882 0.002
883 0.007
883 0.015
883 0.002
884 0.007
884 0.011
884 0.002
885 0.007
885 0.011
885 0.002
886 0.007
886 0.011
886 0.002
887 0.007
887 0.011
887 0.002
888 0.008
888 0.018
888 0.002
889 0.01
889 0.011
889 0.002
890 0.007
890 0.012
890 0.002
891 0.006
891 0.011
891 0.002
892 0.006
892 0.011
892 0.002
893 0.007
893 0.012
893 0.002
894 0.007
894 0.016
894 0.002
895 0.008
895 0.011
895 0.005
896 0.007
896 0.012
896 0.002
897 0.007
897 0.015
897 0.001
898 0.007
898 0.014
898 0.003
899 0.008
899 0.011
899 0.003
900 0.007
900 0.012
900 0.002
901 0.008
901 0.012
901 0.002
902 0.007
902 0.011
902 0.002
903 0.007
903 0.007
903 0.012
903 0.002
904 0.009
904 0.011
904 0.002
905 0.006
905 0.014
905 0.002
906 0.007
906 0.011
906 0.003
907 0.007
907 0.011
907 0.002
908 0.007
908 0.012
908 0.002
909 0.007
909 0.012
909 0.002
910 0.008
910 0.012
910 0.002
911 0.007
911 0.012
911 0.003
912 0.011
912 0.012
912 0.002
913 0.006
913 0.011
913 0.002
914 0.008
914 0.011
914 0.003
915 0.008
915 0.011
915 0.002
916 0.009
916 0.012
916 0.003
917 0.01
917 0.012
917 0.002
918 0.008
918 0.011
918 0.002
919 0.008
919 0.012
919 0.002
920 0.007
920 0.012
920 0.002
921 0.009
921 0.012
921 0.002
922 0.007
922 0.012
922 0.002
923 0.007
923 0.018
923 0.003
924 0.007
924 0.012
924 0.002
925 0.008
925 0.017
925 0.001
926 0.007
926 0.012
926 0.002
927 0.01
927 0.011
927 0.002
928 0.007
928 0.012
928 0.002
929 0.007
929 0.012
929 0.002
930 0.008
930 0.012
930 0.002
931 0.007
931 0.011
931 0.003
932 0.007
932 0.014
932 0.003
933 0.007
933 0.012
933 0.002
934 0.008
934 0.012
934 0.002
935 0.008
935 0.013
935 0.003
936 0.011
936 0.012
936 0.002
937 0.007
937 0.012
937 0.002
938 0.008
938 0.012
938 0.003
939 0.008
939 0.011
939 0.002
940 0.007
940 0.012
940 0.003
941 0.008
941 0.012
941 0.002
942 0.007
942 0.013
942 0.002
943 0.008
943 0.012
943 0.002
944 0.01
944 0.012
944 0.002
945 0.007
945 0.015
945 0.002
946 0.008
946 0.013
946 0.002
947 0.008
947 0.013
947 0.002
948 0.008
948 0.013
948 0.002
949 0.007
949 0.012
949 0.003
950 0.007
950 0.013
950 0.003
951 0.008
951 0.014
951 0.001
952 0.007
952 0.012
952 0.002
953 0.007
953 0.012
953 0.002
954 0.007
954 0.013
954 0.001
955 0.008
955 0.013
955 0.001
956 0.007
956 0.013
956 0.002
957 0.011
957 0.012
957 0.002
958 0.008
958 0.012
958 0.002
959 0.007
959 0.012
959 0.002
960 0.007
960 0.013
960 0.002
961 0.008
961 0.012
961 0.002
962 0.007
962 0.013
962 0.002
963 0.008
963 0.013
963 0.002
964 0.008
964 0.012
964 0.002
965 0.008
965 0.013
965 0.001
966 0.008
966 0.012
966 0.002
967 0.008
967 0.013
967 0.003
968 0.007
968 0.013
968 0.003
969 0.011
969 0.012
969 0.003
970 0.008
970 0.013
970 0.002
971 0.01
971 0.012
971 0.002
972 0.01
972 0.013
972 0.003
973 0.008
973 0.013
973 0.002
974 0.009
974 0.013
974 0.002
975 0.007
975 0.013
975 0.002
976 0.011
976 0.015
976 0.002
977 0.008
977 0.018
977 0.005
978 0.007
978 0.013
978 0.002
979 0.01
979 0.018
979 0.006
980 0.008
980 0.021
980 0.003
981 0.011
981 0.021
981 0.002
982 0.011
982 0.019
982 0.004
983 0.008
983 0.018
983 0.002
984 0.009
984 0.038
984 0.01
985 0.012
985 0.022
985 0.003
986 0.012
986 0.023
986 0.004
987 0.012
987 0.016
987 0.004
988 0.013
988 0.016
988 0.003
989 0.009
989 0.013
989 0.004
990 0.008
45000 12.603
45000 1.123
45000 0.685
45000 0.384
45001 1.089
45001 0.549
45001 0.645
45001 0.173
45002 0.562
45002 0.642
45002 0.163
45003 0.517
45003 0.642
45003 0.168
45004 0.49
45004 0.644
45004 0.178
45005 0.518
45005 0.641
45005 0.173
45006 0.523
45006 0.64
45006 0.183
45007 0.521
45007 0.636
45007 0.183
45008 0.497
45008 0.645
45008 0.17
45009 0.505
45009 0.643
45009 0.164
45010 0.536
45010 0.637
45010 0.176
45011 0.516
45011 0.639
45011 0.179
45012 0.488
45012 0.64
45012 0.165
45013 0.526
45013 0.641
45013 0.166
45014 0.528
45014 0.641
45014 0.168
45001 0.579
45001 0.699
45001 0.186
45002 0.593
45002 0.721
45002 0.228
45003 0.608
45003 0.732
